{
 "cells": [
  {
   "cell_type": "code",
   "execution_count": 62,
   "metadata": {
    "collapsed": true
   },
   "outputs": [],
   "source": [
    "import numpy as np\n",
    "import matplotlib.pyplot as plt\n",
    "from scipy import stats\n",
    "import csv\n",
    "import math"
   ]
  },
  {
   "cell_type": "code",
   "execution_count": 85,
   "metadata": {},
   "outputs": [],
   "source": [
    "# Load data from netlogo's behaviorspace \"spreadsheet\" output\n",
    "# ** DIFFERENT THAN THE LOADERS IN OTHER NOTEBOOKS: needs to parse netlogo array\n",
    "def loadBehaviorspaceAsStrings(filename):\n",
    "    lines = []\n",
    "    with open(filename, 'rb') as csvfile:\n",
    "         reader = csv.reader(csvfile, delimiter=',', quotechar='\"')\n",
    "         for row in reader:\n",
    "             lines.append(row)\n",
    "\n",
    "    metadata = lines[0:5]\n",
    "    \n",
    "    _data = lines[6:]\n",
    "    _data = np.array(lines[6:], dtype=object).T\n",
    "    for i in range(1, len(_data)):\n",
    "        for j in range(1, len(_data[i])):\n",
    "            try:\n",
    "                _data[i][j] = _data[i][j]\n",
    "            except:\n",
    "                continue\n",
    "    data = {}\n",
    "    for col in _data:\n",
    "        data[col[0]] = np.array(col[1:], dtype=str)\n",
    "            \n",
    "    return (metadata, data)\n",
    "\n",
    "def parseNetlogoArray(s):\n",
    "    return eval(s.replace(' ', ', '))"
   ]
  },
  {
   "cell_type": "code",
   "execution_count": 152,
   "metadata": {},
   "outputs": [],
   "source": [
    "#metadata,data = loadBehaviorspaceAsStrings(\"./behaviorspace_data/switch-counts-s8_mm0.csv\")\n",
    "metadata,data = loadBehaviorspaceAsStrings(\"./behaviorspace_data/switch-counts-s0.csv\")"
   ]
  },
  {
   "cell_type": "code",
   "execution_count": 90,
   "metadata": {},
   "outputs": [],
   "source": [
    "\n"
   ]
  },
  {
   "cell_type": "code",
   "execution_count": 93,
   "metadata": {},
   "outputs": [],
   "source": [
    "def kl(p, q):\n",
    "    epsilon = 0.0001 # avoid log(0)\n",
    "    psum = sum(p)*1.0\n",
    "    qsum = sum(q)*1.0\n",
    "    pn = [epsilon + pp/psum for pp in p]\n",
    "    qn = [epsilon + qq/qsum for qq in q]\n",
    "    ii = [0 if pn[i]==0 else pn[i] * math.log(qn[i]/pn[i]) for i in range(len(p))]\n",
    "    return -sum(ii)\n",
    "\n",
    "kl([.68, .10, .22], [.66,.04,.30])\n",
    "\n",
    "def klcounts(i, j):\n",
    "    return [counts[i][0], counts[j][0], kl(counts[i][1], counts[j][1])]"
   ]
  },
  {
   "cell_type": "code",
   "execution_count": 153,
   "metadata": {},
   "outputs": [
    {
     "data": {
      "text/plain": [
       "[[0, [7, 5, 18, 10, 9, 9, 12, 15, 14]],\n",
       " [0, [11, 8, 15, 9, 16, 7, 14, 8, 11]],\n",
       " [0, [7, 11, 10, 11, 11, 9, 9, 10, 21]],\n",
       " [0, [9, 9, 12, 8, 12, 12, 13, 11, 13]],\n",
       " [0, [8, 11, 16, 12, 8, 9, 16, 10, 9]],\n",
       " [0, [11, 14, 12, 12, 6, 9, 15, 7, 13]],\n",
       " [0, [16, 8, 11, 7, 10, 12, 11, 12, 12]],\n",
       " [0, [6, 11, 10, 15, 18, 11, 7, 14, 7]],\n",
       " [0, [10, 13, 9, 9, 4, 17, 14, 12, 11]],\n",
       " [0, [14, 10, 11, 10, 9, 12, 11, 12, 10]],\n",
       " [0, [8, 10, 13, 14, 16, 9, 9, 13, 7]],\n",
       " [0, [8, 11, 11, 14, 20, 9, 7, 12, 7]],\n",
       " [0, [11, 8, 13, 8, 10, 13, 13, 13, 10]],\n",
       " [0, [10, 7, 11, 8, 15, 13, 11, 14, 10]],\n",
       " [0, [9, 11, 14, 11, 11, 11, 14, 11, 7]],\n",
       " [0, [13, 12, 13, 13, 3, 9, 11, 10, 15]],\n",
       " [0, [14, 11, 11, 14, 7, 8, 8, 11, 15]],\n",
       " [0, [12, 11, 10, 10, 11, 12, 10, 12, 11]],\n",
       " [0, [13, 17, 9, 14, 7, 10, 12, 7, 10]],\n",
       " [0, [16, 11, 12, 13, 10, 9, 11, 10, 7]],\n",
       " [0, [7, 10, 10, 10, 15, 16, 11, 15, 5]],\n",
       " [0, [6, 12, 11, 10, 8, 13, 13, 10, 16]],\n",
       " [0, [8, 10, 13, 9, 12, 12, 13, 11, 11]],\n",
       " [0, [8, 13, 7, 9, 21, 13, 11, 9, 8]],\n",
       " [0, [9, 11, 9, 10, 12, 15, 9, 15, 9]],\n",
       " [0, [14, 14, 11, 13, 12, 9, 12, 7, 7]],\n",
       " [0, [18, 12, 12, 14, 9, 9, 9, 11, 5]],\n",
       " [0, [8, 16, 7, 11, 11, 12, 11, 8, 15]],\n",
       " [0, [7, 15, 10, 12, 16, 13, 12, 10, 4]],\n",
       " [0, [15, 16, 7, 14, 17, 9, 9, 8, 4]],\n",
       " [0, [11, 13, 3, 10, 20, 14, 6, 11, 11]],\n",
       " [0, [8, 12, 8, 12, 19, 12, 7, 12, 9]],\n",
       " [0, [11, 17, 8, 13, 7, 14, 12, 11, 6]],\n",
       " [0, [13, 17, 8, 12, 13, 9, 13, 5, 9]],\n",
       " [0, [15, 10, 13, 10, 8, 8, 14, 7, 14]],\n",
       " [0, [7, 11, 11, 12, 16, 11, 10, 12, 9]],\n",
       " [0, [10, 12, 13, 11, 11, 11, 14, 10, 7]],\n",
       " [0, [14, 11, 13, 10, 11, 10, 13, 10, 7]],\n",
       " [0, [12, 13, 9, 13, 14, 10, 9, 10, 9]],\n",
       " [0, [14, 10, 7, 10, 15, 14, 7, 14, 8]],\n",
       " [0, [14, 13, 10, 12, 16, 8, 11, 6, 9]],\n",
       " [0, [9, 10, 10, 11, 17, 10, 9, 11, 12]],\n",
       " [0, [14, 8, 14, 8, 7, 12, 14, 12, 10]],\n",
       " [0, [8, 13, 12, 12, 8, 12, 14, 11, 9]],\n",
       " [0, [15, 7, 13, 8, 9, 11, 13, 11, 12]],\n",
       " [0, [19, 9, 11, 14, 8, 8, 7, 13, 10]],\n",
       " [0, [6, 10, 11, 9, 18, 12, 11, 12, 10]],\n",
       " [0, [9, 11, 13, 12, 15, 6, 12, 8, 13]],\n",
       " [0, [10, 12, 11, 13, 11, 12, 10, 12, 8]],\n",
       " [0, [6, 9, 15, 10, 10, 12, 15, 13, 9]]]"
      ]
     },
     "execution_count": 153,
     "metadata": {},
     "output_type": "execute_result"
    }
   ],
   "source": [
    "#counts = [[6,[75,8,17]],[6,[71,10,19]],[6,[71,5,24]],[6,[76,14,10]],[6,[82,9,9]],[6,[77,8,15]],[6,[78,6,16]],[6,[71,13,16]],[6,[69,4,27]],[6,[71,7,22]],[6,[73,10,17]],[6,[68,7,25]],[6,[78,10,12]],[6,[80,8,12]],[6,[72,7,21]],[6,[78,5,17]],[6,[72,13,15]],[6,[79,10,11]],[6,[68,10,22]],[6,[66,4,30]],[6,[69,12,19]],[6,[77,12,11]],[9,[96,2,2]],[9,[96,2,2]],[9,[96,2,2]],[9,[96,2,2]],[9,[96,2,2]],[9,[98,0,2]],[9,[96,2,2]],[9,[96,2,2]],[9,[96,2,2]],[9,[96,2,2]],[9,[96,2,2]],[9,[96,2,2]],[9,[96,2,2]],[9,[96,2,2]],[9,[96,2,2]],[9,[96,2,2]],[9,[96,2,2]],[9,[96,2,2]],[9,[96,2,2]],[9,[96,2,2]],[9,[96,2,2]],[9,[96,2,2]],[9,[96,2,2]],[9,[96,2,2]],[9,[96,2,2]],[9,[96,2,2]],[9,[96,2,2]],[9,[96,2,2]]]\n",
    "#counts = [[0, [25, 36, 39]], [0, [31, 35, 34]], [0, [34, 33, 33]], [0, [28, 34, 38]], [0, [34, 37, 29]], [0, [34, 27, 39]], [0, [31, 43, 26]], [0, [42, 31, 27]], [0, [34, 29, 37]], [0, [32, 43, 25]], [0, [33, 38, 29]], [0, [22, 44, 34]], [0, [41, 35, 24]], [0, [35, 34, 31]], [0, [32, 35, 33]], [0, [34, 39, 27]], [0, [34, 38, 28]], [0, [29, 36, 35]], [0, [36, 29, 35]], [0, [32, 34, 34]], [0, [32, 35, 33]], [0, [34, 33, 33]], [0, [29, 33, 38]], [0, [28, 34, 38]], [0, [36, 25, 39]], [0, [34, 34, 32]], [0, [33, 35, 32]], [0, [35, 35, 30]], [0, [31, 36, 33]], [0, [25, 36, 39]], [0, [47, 26, 27]], [0, [33, 29, 38]], [0, [29, 41, 30]], [0, [28, 39, 33]], [0, [35, 28, 37]], [0, [31, 35, 34]], [0, [28, 40, 32]], [0, [33, 36, 31]], [0, [26, 41, 33]], [0, [36, 40, 24]], [0, [40, 27, 33]], [0, [39, 27, 34]], [0, [28, 37, 35]], [0, [30, 41, 29]], [0, [25, 41, 34]], [0, [35, 31, 34]], [0, [41, 33, 26]], [0, [28, 32, 40]], [0, [30, 33, 37]], [0, [33, 35, 32]]]\n",
    "#counts = parseNetlogoArray(data['[list strategy total-pool-counts] of turtles'][0])\n",
    "\n",
    "# Switch counts\n",
    "counts = parseNetlogoArray(data['[list strategy (flatten-2d-array switch-counts) ] of turtles'][0])\n",
    "counts\n",
    "\n"
   ]
  },
  {
   "cell_type": "code",
   "execution_count": null,
   "metadata": {},
   "outputs": [],
   "source": []
  },
  {
   "cell_type": "code",
   "execution_count": 157,
   "metadata": {},
   "outputs": [
    {
     "data": {
      "text/plain": [
       "[[0, 0, 0.07807629111415565],\n",
       " [0, 0, 0.08299777802996586],\n",
       " [0, 0, -0.0],\n",
       " [0, 0, 0.042255588089887997],\n",
       " [0, 0, 0.08745819427077389],\n",
       " [0, 0, 0.06937587758548033],\n",
       " [0, 0, 0.0882281012910517],\n",
       " [0, 0, 0.10154577919525018],\n",
       " [0, 0, 0.11111011880471519],\n",
       " [0, 0, 0.07537301558044023],\n",
       " [0, 0, 0.08698426923392674],\n",
       " [0, 0, 0.10283512448164167],\n",
       " [0, 0, 0.07959461962917892],\n",
       " [0, 0, 0.07907703651824506],\n",
       " [0, 0, 0.08805027648724037],\n",
       " [0, 0, 0.08007322179875073],\n",
       " [0, 0, 0.05127977801168733],\n",
       " [0, 0, 0.051428886463699974],\n",
       " [0, 0, 0.09387704352427283],\n",
       " [0, 0, 0.11253554213475273],\n",
       " [0, 0, 0.13187326401647748],\n",
       " [0, 0, 0.029033059366430067],\n",
       " [0, 0, 0.049782113618206836],\n",
       " [0, 0, 0.10936607964120827],\n",
       " [0, 0, 0.07593554723631063],\n",
       " [0, 0, 0.10707972229043144],\n",
       " [0, 0, 0.15820109607677046],\n",
       " [0, 0, 0.03425367657420797],\n",
       " [0, 0, 0.13414432753137256],\n",
       " [0, 0, 0.17448431013222282],\n",
       " [0, 0, 0.12334886784656737],\n",
       " [0, 0, 0.08085897602491379],\n",
       " [0, 0, 0.1288294077997778],\n",
       " [0, 0, 0.10665008470479123],\n",
       " [0, 0, 0.07527292513761158],\n",
       " [0, 0, 0.05966419599171216],\n",
       " [0, 0, 0.08805695766136293],\n",
       " [0, 0, 0.1040090556531065],\n",
       " [0, 0, 0.06729430268138029],\n",
       " [0, 0, 0.11474952363222528],\n",
       " [0, 0, 0.0957713238859007],\n",
       " [0, 0, 0.041342322861094974],\n",
       " [0, 0, 0.1065908560882897],\n",
       " [0, 0, 0.07050139762888546],\n",
       " [0, 0, 0.08725386006788029],\n",
       " [0, 0, 0.12446464025587108],\n",
       " [0, 0, 0.06719379112844999],\n",
       " [0, 0, 0.044092648315024824],\n",
       " [0, 0, 0.06867630428810444],\n",
       " [0, 0, 0.08422264559908094]]"
      ]
     },
     "execution_count": 157,
     "metadata": {},
     "output_type": "execute_result"
    }
   ],
   "source": [
    "[klcounts(i,2) for i in range(len(counts))]"
   ]
  },
  {
   "cell_type": "code",
   "execution_count": 126,
   "metadata": {},
   "outputs": [],
   "source": [
    "t0 = np.array([[0.3348477337293946 ,0.2492191697484356 ,0.4159330965221698] ,[0.21852188295534392 ,0.6067377914256733 ,0.17474032561898278] ,[0.6745432938025806 ,0.19415720110518372 ,0.13129950509223565]])\n",
    "t15 = np.array([[0.5479161728608479 ,0.11220989031515999 ,0.33987393682399203] ,[0.3676927397531416 ,0.4689933690264956 ,0.16331389122036297] ,[0.2116228106427906 ,0.14559950773860508 ,0.6427776816186043]])\n",
    "t36 = np.array([[0.14452393905774974, 0.4553052368034887, 0.4001708241387616], [0.6169382714694017, 0.13023149799852465, 0.25283023053207365], [0.14629665879806025, 0.612147359080162, 0.2415559821217777]])"
   ]
  },
  {
   "cell_type": "code",
   "execution_count": 117,
   "metadata": {},
   "outputs": [
    {
     "data": {
      "text/plain": [
       "array([[0.33484773, 0.24921917, 0.4159331 ],\n",
       "       [0.21852188, 0.60673779, 0.17474033],\n",
       "       [0.67454329, 0.1941572 , 0.13129951]])"
      ]
     },
     "execution_count": 117,
     "metadata": {},
     "output_type": "execute_result"
    }
   ],
   "source": [
    "t0"
   ]
  },
  {
   "cell_type": "code",
   "execution_count": 120,
   "metadata": {},
   "outputs": [
    {
     "data": {
      "text/plain": [
       "array([[0.54791617, 0.11220989, 0.33987394],\n",
       "       [0.36769274, 0.46899337, 0.16331389],\n",
       "       [0.21162281, 0.14559951, 0.64277768]])"
      ]
     },
     "execution_count": 120,
     "metadata": {},
     "output_type": "execute_result"
    }
   ],
   "source": [
    "t15"
   ]
  },
  {
   "cell_type": "code",
   "execution_count": 127,
   "metadata": {},
   "outputs": [
    {
     "data": {
      "text/plain": [
       "array([[0.14452394, 0.45530524, 0.40017082],\n",
       "       [0.61693827, 0.1302315 , 0.25283023],\n",
       "       [0.14629666, 0.61214736, 0.24155598]])"
      ]
     },
     "execution_count": 127,
     "metadata": {},
     "output_type": "execute_result"
    }
   ],
   "source": [
    "t36"
   ]
  },
  {
   "cell_type": "code",
   "execution_count": 132,
   "metadata": {},
   "outputs": [
    {
     "data": {
      "text/plain": [
       "(array([-0.30468857,  1.        ,  0.3775736 ]),\n",
       " array([[ 0.53574754, -0.57735027,  0.40323416],\n",
       "        [ 0.03330989, -0.57735027, -0.76611825],\n",
       "        [-0.84372094, -0.57735027,  0.50046482]]))"
      ]
     },
     "execution_count": 132,
     "metadata": {},
     "output_type": "execute_result"
    }
   ],
   "source": [
    "np.linalg.eig(t0)"
   ]
  },
  {
   "cell_type": "code",
   "execution_count": 133,
   "metadata": {},
   "outputs": [
    {
     "data": {
      "text/plain": [
       "(array([1.        +0.j        , 0.32984361+0.07189935j,\n",
       "        0.32984361-0.07189935j]),\n",
       " array([[ 0.57735027+0.j        ,  0.2494926 -0.27358003j,\n",
       "          0.2494926 +0.27358003j],\n",
       "        [ 0.57735027+0.j        , -0.88048393+0.j        ,\n",
       "         -0.88048393-0.j        ],\n",
       "        [ 0.57735027+0.j        ,  0.18848677+0.22831599j,\n",
       "          0.18848677-0.22831599j]]))"
      ]
     },
     "execution_count": 133,
     "metadata": {},
     "output_type": "execute_result"
    }
   ],
   "source": [
    "np.linalg.eig(t15)"
   ]
  },
  {
   "cell_type": "code",
   "execution_count": 134,
   "metadata": {},
   "outputs": [
    {
     "data": {
      "text/plain": [
       "(array([ 1.        +0.j        , -0.24184429+0.12720877j,\n",
       "        -0.24184429-0.12720877j]),\n",
       " array([[ 0.57735027+0.j       , -0.00603834+0.249669j ,\n",
       "         -0.00603834-0.249669j ],\n",
       "        [ 0.57735027+0.j       ,  0.58621786-0.2135541j,\n",
       "          0.58621786+0.2135541j],\n",
       "        [ 0.57735027+0.j       , -0.74052157+0.j       ,\n",
       "         -0.74052157-0.j       ]]))"
      ]
     },
     "execution_count": 134,
     "metadata": {},
     "output_type": "execute_result"
    }
   ],
   "source": [
    "np.linalg.eig(t36)"
   ]
  },
  {
   "cell_type": "code",
   "execution_count": 146,
   "metadata": {},
   "outputs": [
    {
     "name": "stdout",
     "output_type": "stream",
     "text": [
      "[15.80249789 16.33860136 17.85890075]\n",
      "[25.07705752  9.5685024  15.35444008]\n",
      "[12.42452733 19.34629284 18.22917984]\n"
     ]
    }
   ],
   "source": [
    "agents=[38,11,1]\n",
    "print np.dot(t0.T, np.array(agents))\n",
    "print np.dot(t15.T, np.array(agents))\n",
    "print np.dot(t36.T, np.array(agents))"
   ]
  },
  {
   "cell_type": "code",
   "execution_count": null,
   "metadata": {},
   "outputs": [],
   "source": []
  },
  {
   "cell_type": "code",
   "execution_count": null,
   "metadata": {
    "collapsed": true
   },
   "outputs": [],
   "source": []
  }
 ],
 "metadata": {
  "kernelspec": {
   "display_name": "Python 2",
   "language": "python",
   "name": "python2"
  },
  "language_info": {
   "codemirror_mode": {
    "name": "ipython",
    "version": 2
   },
   "file_extension": ".py",
   "mimetype": "text/x-python",
   "name": "python",
   "nbconvert_exporter": "python",
   "pygments_lexer": "ipython2",
   "version": "2.7.12"
  }
 },
 "nbformat": 4,
 "nbformat_minor": 2
}
