"BehaviorSpace results (NetLogo 6.0.2)"
"basic.nlogo"
"GA"
"05/28/2018 19:53:03:134 -0700"
"min-pxcor","max-pxcor","min-pycor","max-pycor"
"0","106","0","15"
"[run number]","N","tau","percent-to-replace","num-variants","mutation-magnitude-sp","p","mem-size","mutation-probability","num-param-pop-mutations","mutation-magnitude","Ng","[step]","mutation-history"
"1","50","0","1","1","1","0","0","0.8","5","0.4","50","1","[[4441.9040433043565 0 [[0.4136006506328491 0.2470436600813808 0.0074582428209105656 0.3318974464648595] [0.22994341981148736 0.4068750406370588 0.17085987004912528 0.19232166950232854] [0.17219384908301416 0.08819201641020258 0.6549341211751987 0.08468001333158459] [0.12019096149729747 0.34262454879213944 0.41806998841533094 0.11911450129523216] [0.22621894766417516 0.21965997005850812 0.3655614147739362 0.1885596675033805] [0.09945494297535562 0.5401752474162349 0.2548237550767122 0.1055460545316973] [0.8418398870207899 0.011758319973258269 0.07719378184579062 0.06920801116016118] [0.20907289293041864 0.34194526120983737 0.3218784779175978 0.12710336794214616] [0.01842633203523636 0.7177759046425937 0.135105984790712 0.12869177853145797] [0.3207661884344064 0.1621934158364361 0.3173830638684667 0.1996573318606908] [0.11687748413122356 0.09376641079925807 0.5781741819296031 0.21118192313991524] [0.04351540034477641 0.6662198003113592 0.2771772615120889 0.01308753783177552] [0.5424922567454272 0.023469187957920523 0.42753937292056177 0.006499182376090484] [0.1613079321906855 0.044167181773809516 0.7642391977444982 0.03028568829100675] [0.2948736660117466 0.1770176997409153 0.28031856431493973 0.24779006993239838] [0.4740967464176241 0.006977793094403162 0.07173996513086978 0.44718549535710295] [0.3692352989281912 0.296921274555048 0.1781857997147972 0.1556576268019636] [0.3783566730159248 0.2238447350824906 0.25351515061325014 0.14428344128833448] [0.11695135109193833 0.007159562532303987 0.23761985722889978 0.6382692291468579] [0.0665668601697248 0.017685422541512286 0.4827993454430459 0.432948371845717] [0.1232170641908319 0.24575705959912197 0.3847940775388251 0.24623179867122102] [0.050060785578960765 0.1738170559186869 0.7355806714567722 0.04054148704558014] [0.3171817634539311 0.3198894201680923 0.15271272978248307 0.2102160865954935] [0.027472952628000535 0.2838130853496659 0.61108482751299 0.07762913450934361] [0.16947295764283798 0.04797947434139982 0.0299805593793131 0.7525670086364491] [0.37468323909564927 0.4824226221613769 0.05402550898648861 0.08886862975648524] [0.35226220286990495 0.04927189980344571 0.5480026964773247 0.05046320084932465] [0.45254955597768876 0.11627123555404661 0.3020106584233069 0.12916855004495775] [0.008664258706300276 0.3369891506810314 0.16388323001218674 0.49046336060048157] [0.40407192948002235 0.1387457936738954 0.07508810432903412 0.38209417251704814] [0.1263966153673235 0.4014805541318913 0.1890464575505112 0.283076372950274] [0.21496166594418942 0.4923426356300957 0.263992012711432 0.028703685714282834] [0.8763090603034858 0.027249963901752494 0.019757943335425687 0.07668303245933605] [7.758980247463132E-5 0.513607156780339 0.3089797851547793 0.1773354682624071] [0.25568130016231605 0.012575285592893226 0.3464886179698079 0.3852547962749828] [0.009052131068027935 0.04141706075440821 0.3364631006938955 0.6130677074836683] [0.05259012328356749 0.12068531823411888 0.6959078148624152 0.13081674361989848] [0.1924208504214454 0.4365381265801077 0.03927092717934255 0.3317700958191043] [0.01010044218416195 0.09562609154357538 0.3808096815552572 0.5134637847170055] [0.20231290089474885 0.008824304603737732 0.6608615368565857 0.12800125764492776] [0.20320391987697606 0.30831792706322747 0.007456370985998717 0.48102178207379775] [0.542005332289737 0.37409913409280804 0.0246166028762691 0.05927893074118584] [0.44419188397209497 0.38509026871991303 0.10794365156469832 0.06277419574329368] [0.07232967122714618 0.8460875038153708 0.06544554382669632 0.016137281130786718] [0.6374950473939754 0.010231768692277488 0.09831565247363705 0.25395753144011] [0.33923821840752877 0.1314661760347896 0.09154916988733053 0.4377464356703511] [0.09723964885561875 0.48602615618685274 0.006514094244529645 0.41022010071299886] [0.559985311251255 0.27221095668602 0.1477484453036224 0.02005528675910262] [0.49920250226506935 0.2596888467609155 0.010357625325441044 0.23075102564857408] [0.1323946097391866 0.5442443156691624 0.13646073345094645 0.18690034114070453]]] [5691.554867543969 0 [[0.4589455370985751 0.29897228074361604 0.08135089735354628 0.16073128480426258] [0.03997768273003577 0.2909797375013021 0.463427835755184 0.20561474401347812] [0.34972056092669357 0.011506263024754992 0.4959426984651131 0.14283047758343836] [0.1342259584885237 0.012077587214170737 0.36088262600631804 0.4928138282909875] [0.13964993705113893 0.39067190511986116 0.4528367499963606 0.01684140783263932] [0.5676232750849599 0.3195356603115982 0.09508744140896597 0.01775362319447593] [0.4786539414577027 0.1581630089022774 0.28345489202565144 0.07972815761436847] [0.5389100586443208 0.07086990467805743 0.16617357287026224 0.22404646380735949] [0.5095520453638726 0.40704262504055 0.06855818007183534 0.01484714952374211] [0.019571050913236743 0.1030122513074041 0.6513398420719538 0.22607685570740532] [0.20271545607944808 0.32073246711516523 0.15848461410780612 0.31806746269758057] [0.4208639486355823 0.4143267550706552 0.019531405766360477 0.14527789052740203] [0.1919128278833755 0.3982585580869913 0.026228117587070665 0.38360049644256256] [0.25074353366013247 0.15624104268218653 0.2421499604624625 0.3508654631952185] [0.3435131041658086 0.05496295374152693 0.10456925279762685 0.4969546892950376] [0.4064393056127279 0.13005767000188784 0.27592617295753186 0.1875768514278524] [0.5619041718550823 0.17655222300922813 0.049244722240281535 0.212298882895408] [0.44273230254738527 0.010517209304029218 0.05600302638959587 0.49074746175898964] [0.7195783315099648 1.493143716457812E-5 0.04918262021958064 0.23122411683329003] [0.3495794555630276 0.1426561378798663 0.13444873469092433 0.37331567186618175] [0.23687866234570054 0.06102227207771316 0.1040339838773281 0.5980650816992582] [0.04777282867817023 0.18656036520263852 0.2536895356663602 0.511977270452831] [0.2723229309058688 0.29182403532570755 0.20142117058071285 0.2344318631877108] [0.27748955136890374 0.3166679449174643 0.3411972598007802 0.06464524391285176] [0.23210498152563785 0.5305670587296787 0.10392437270346744 0.13340358704121602] [0.21372737956822918 0.1577180277216731 0.37493263638488605 0.2536219563252117] [0.003542970937172818 0.7446787262759469 0.09881558591151995 0.15296271687536034] [0.38684564271920474 0.2925353768279957 0.2831916496858554 0.037427330766944156] [0.1389949156426954 0.04811971185360375 0.16650500244330269 0.6463803700603982] [0.35605816313161276 0.1677257700798609 0.05406569560764474 0.4221503711808816] [0.2550566571369892 0.2761742580787535 0.0016872202919717694 0.4670818644922855] [0.6765519615934651 0.045261654472419255 0.27452044890718863 0.0036659350269270252] [0.13319649361159303 0.6066168501788952 0.12536381267937247 0.1348228435301393] [0.2245143165441731 0.3158248525017914 0.17295707122051007 0.28670375973352547] [0.028635965059132573 0.386237994149067 0.2068215878153551 0.3783044529764453] [0.16862298321091462 0.06358899748524083 0.026350269012959893 0.7414377502908847] [0.6210110600324986 0.004798425148476837 0.2125910745165972 0.16159944030242734] [0.09169655099869911 0.13027308097752566 0.16957617051778073 0.6084541975059945] [0.023905274736860327 0.5907056771297309 0.08755479398392296 0.29783425414948583] [0.02895933736967915 0.08512251429728479 0.6580859515512654 0.2278321967817707] [0.11566590528810239 0.03738000850056333 0.8175322128586813 0.029421873352653005] [0.13641891629448621 0.4979528147133703 0.07401114237599671 0.2916171266161468] [0.06998471784270577 0.32024410308397944 0.08005741830231816 0.5297137607709966] [0.7189045252511076 0.06444576230295829 0.0781877326126692 0.13846197983326491] [0.19927080272766973 0.08289317962709664 0.003764348733619638 0.714071668911614] [0.055284471186160644 0.054022786099131914 0.34254401144927427 0.5481487312654332] [0.630574381820781 0.3300260348670552 0.03468635511395435 0.004713228198209518] [0.3407374799594942 0.1046638364577589 0.07486150728514984 0.47973717629759705] [0.10632179873107894 0.29786031880926334 0.5255045528199506 0.07031332963970716] [0.03494944438166492 0.4428870056532288 0.45530480675013774 0.06685874321496854]]] [4827.076489020579 0 [[0.04000415768659171 0.43630140660360206 0.23960235864485024 0.284092077064956] [0.28368090163752147 0.36566473264617383 0.2128778133309437 0.13777655238536102] [0.8045396079740698 0.04239810466069582 0.08362054855372092 0.0694417388115135] [0.7082269108132402 0.05026235442024496 0.2354596178256837 0.006051116940831158] [0.03333724167561969 0.2676596243320897 0.06153437946014695 0.6374687545321437] [0.15775964901801653 0.03495686044451751 0.4906135492064928 0.31666994133097315] [0.024354856709417172 0.14411153225206186 0.5530734438904453 0.27846016714807564] [0.15524101131823287 0.29438659228676456 0.12358136054378022 0.42679103585122236] [0.061241783044722164 0.14491774413310643 0.21631082729694073 0.5775296455252307] [0.08955133410292881 0.20827987893105848 0.06223204801274296 0.6399367389532697] [0.18746584254187992 0.007700281267351783 0.726140031887654 0.07869384430311432] [0.4263081512851342 0.23535779586642758 0.21139961352454906 0.12693443932388915] [0.6538910283620044 0.0885359267819168 0.006458762605972557 0.25111428225010624] [0.10317755876195256 0.280333159609234 0.5102457726030245 0.10624350902578894] [0.37038882998364864 0.3784599968512655 0.19034375485585098 0.06080741830923486] [0.3551461278363601 0.18579560151434016 0.408213021086796 0.05084524956250369] [0.017494581126889175 0.15392172830862805 0.18624441560806082 0.642339274956422] [0.014561507959113817 0.12608616469767708 0.4722703113141421 0.387082016029067] [0.21882516995359858 0.3170933065401672 0.014451246633002457 0.44963027687323176] [0.17456177651423732 0.07413442008327231 0.3938410423623393 0.35746276104015107] [0.47717435636559213 0.15480328714274738 0.03272013229752746 0.335302224194133] [0.1747730100794047 0.256904574055527 0.4924486910396769 0.07587372482539134] [0.15277453160581866 0.10820296133115048 0.37029416697312756 0.3687283400899033] [0.2765923358587381 0.049683903901519 0.6450335985597555 0.02869016167998739] [0.28771627383313414 0.02531009141170215 0.20781805158060618 0.47915558317455753] [0.04710533616927848 0.12140223039557496 0.41510694042928864 0.4163854930058579] [0.15964511942099313 0.060120064660984296 0.6662621430339013 0.11397267288412127] [0.4804357542979095 0.1760374383146709 0.25124766164005174 0.09227914574736784] [0.6203391358334105 0.1494958355157866 0.0183018360990006 0.2118631925518023] [0.7628091187551169 0.06949727902420555 0.08594518895682324 0.08174841326385429] [0.21353214432160084 0.16615827334501532 0.3192259202191684 0.30108366211421544] [0.4453381398239675 0.040546547550220025 0.3193693795223108 0.19474593310350163] [0.03905287768918764 0.13455070463490226 0.2736074212887061 0.552788996387204] [0.09447497809848826 0.44041579333412895 0.28512367172809006 0.17998555683929274] [0.11244565743474577 0.05552213611298007 0.4989898762245949 0.33304233022767926] [0.06405396876503688 0.24963105248090567 0.4816831373366688 0.20463184141738866] [0.005113167859391421 0.06245693138142594 0.37985318227093745 0.5525767184882452] [0.03184822583881797 0.33300386767692414 0.2557318563302674 0.3794160501539905] [0.10946083214918056 0.45965066496352114 0.29288624486211234 0.13800225802518595] [0.37313639592693915 0.3529096962675373 0.13006033541612072 0.1438935723894028] [0.22016747864400188 0.4667433176994028 0.2620285815719383 0.051060622084657004] [0.37197993176566846 0.238305997541305 0.31784566673179504 0.07186840396123151] [0.2936627863664407 0.3065365651902311 0.3867977566831571 0.01300289176017111] [0.11754994522578466 0.2206711805491962 0.07563833774629503 0.5861405364787241] [0.07329337011926684 0.12946115547519854 0.05258017008226901 0.7446653043232656] [0.6644431141979336 0.10899619335449184 0.08274060218432144 0.14382009026325315] [0.09970430808607411 0.013006953761797946 0.4359929664806277 0.45129577167150026] [0.1494278817339404 0.12918790955732506 0.1922192132228342 0.5291649954859003] [0.10214484258805112 0.019457251236211448 0.2159085596141025 0.6624893465616349] [0.5220173894890356 0.004061017919160914 0.10201539689713068 0.37190619569467276]]] [5356.940344350822 0 [[0.4410919176685172 0.1280793744191917 0.4032098256618859 0.027618882250405208] [0.10192129054677546 0.03162107031305417 0.06946690706513581 0.7969907320750346] [0.216069249479928 0.3050954339542079 0.3200859682944084 0.1587493482714557] [0.008059367208129053 0.13529566930021375 0.684366883460391 0.1722780800312662] [0.22975041256310702 0.5300310073653078 0.013103971727656427 0.22711460834392871] [0.09694331327137973 0.14574498448253304 0.716969615201297 0.040342087044790254] [0.08518882501303637 0.31879024845589 0.4259782320890678 0.17004269444200582] [0.5460522306466995 0.2632720869858195 0.09016137508073652 0.10051430728674449] [0.12492949578417678 0.3203061588922713 0.10416152825308245 0.45060281707046945] [0.16047311196752456 0.14932147470897084 0.37870437499127296 0.31150103833223164] [0.4685145441194126 0.3002690076870109 0.006354269654129108 0.22486217853944734] [0.6917987556512889 0.0023423309826838823 0.08119988592204441 0.2246590274439828] [0.06388575092025917 0.4640268846246759 0.3363670587565948 0.13572030569847016] [0.42717859467538544 0.05047372783373927 0.4852942358470428 0.03705344164383251] [0.40383043970397603 0.2876435193771486 0.08958139253385144 0.21894464838502392] [0.007634828208257227 0.053925876976779086 0.7853943201018949 0.15304497471306877] [0.11294426043535333 0.7004798421223237 0.143758434092641 0.04281746334968195] [0.5450592291816343 0.22888509828877146 0.22305125739677178 0.0030044151328224578] [0.10028925888835583 0.15385645977734008 0.3530730299395377 0.3927812513947664] [0.13067960874397055 0.2606204774570936 0.13066983954102362 0.4780300742579122] [0.32723288855772525 0.01671884382583788 0.5248029077032992 0.13124535991313768] [0.055608365742725874 0.37442070717336895 0.43332567729076055 0.13664524979314463] [0.6532450748695706 0.20195754706742963 0.0029728956645214133 0.14182448239847834] [0.1355949427629588 0.48976188347356764 0.08241834317697527 0.2922248305864983] [0.4956988693771154 0.22064952534956372 0.17874057097213836 0.10491103430118254] [0.0907250921674827 0.04426024355731395 0.7791995268808001 0.08581513739440327] [0.6394584424283333 0.03394175037397218 0.2072269198597756 0.11937288733791895] [0.17487384951240859 0.41609504956518406 0.009853635309232 0.39917746561317535] [0.17910408072968564 0.44463916295437056 0.08656438124231025 0.28969237507363355] [0.25929138090117276 0.018016726884111933 0.40052097067315307 0.32217092154156224] [0.08949838124686671 0.07156587802291947 0.2928368674270405 0.5460988733031733] [0.01054877981006297 0.5646384721326719 0.3196746283880454 0.10513811966921971] [0.20365325271685963 0.3460486479632938 0.20785036294838222 0.24244773637146433] [0.6328801360021364 0.024531610998989706 0.108193955033414 0.23439429796545985] [0.09569485847838377 0.04487112186239173 0.4724177748500904 0.3870162448091341] [0.11742011173833855 0.19752840852563314 0.4377944577048558 0.2472570220311725] [0.09887803155579178 0.5432673668323706 0.09954234548242702 0.25831225612941056] [0.021910728629878973 0.07886047287564912 0.8892761997420603 0.009952598752411612] [0.40992624882667406 0.306824320452621 0.12111659534141561 0.16213283537928935] [0.897863643726612 0.03222508029375937 0.018743243366552198 0.05116803261307645] [0.6063674073721594 0.10385265556478884 0.1474624988615586 0.14231743820149312] [0.14457358946611842 0.21218225182724115 0.03722070534884847 0.606023453357792] [0.038498499929512375 0.46323894027943713 0.4171800014495576 0.08108255834149292] [0.31096606905081126 0.08710980613324704 0.5346365317318522 0.06728759308408949] [0.07148879418909904 0.2573454886284623 0.35206035836132143 0.31910535882111724] [0.32239543692373396 0.0683851283908753 0.5120043638104906 0.09721507087490011] [0.4822585509728957 0.3599704105213176 0.019611030755123715 0.13816000775066295] [0.01020176731361866 0.16018471874574647 0.4065138501507214 0.4230996637899135] [0.020202663570986656 0.06181519526478574 0.12232079162063902 0.7956613495435886] [0.14937459579542622 0.04336422475324131 0.5740631311004697 0.23319804835086277]]] [5246.877412117685 0 [[0.021078757833075668 0.11309980717330725 0.2579766848948085 0.6078447500988086] [0.2616620569588368 0.051782555885027226 0.6111550504538662 0.07540033670226975] [0.03658966791191576 0.3895688590698556 0.016560516325943353 0.5572809566922853] [0.5991501601860759 0.05911914701808485 0.1463266626697386 0.19540403012610064] [0.07904784610687698 0.42562282743217006 0.24850783547436128 0.24682149098659167] [0.6769248146366248 0.18738288015469706 0.1034905949208269 0.03220171028785124] [0.1168269459417477 0.06796992792620793 0.02155676136596618 0.7936463647660782] [0.10832536672789683 0.2314066456879793 0.5816603208816555 0.07860766670246833] [0.26578281993971387 0.3085679468617867 0.13259335312879816 0.2930558800697013] [0.7565903744732234 0.12340780608432256 0.10268228530225265 0.017319534140201376] [0.239008992732483 0.6248508486094558 0.07417918087220032 0.06196097778586085] [0.7839043198220377 0.04014146189534551 0.16897445109350917 0.006979767189107644] [0.5416323368855556 0.04871445525679241 0.39040982382311784 0.019243384034534183] [0.4494317444155499 0.025529510064686955 0.4029710777590182 0.12206766776074496] [0.05909938860206332 0.11346587122814644 0.144573629623178 0.6828611105466122] [0.19781776285619113 0.015694863416721994 0.5532977704915839 0.23318960323550297] [0.22713992405146588 0.4203923335453722 0.06448977808014478 0.28797796432301714] [0.15779462638973318 0.1695134889702482 0.493867300476297 0.1788245841637216] [0.1356663302744483 0.29437911955823903 0.15687150043779852 0.41308304972951415] [0.02987095465239553 0.5708469849620053 0.13959598915190574 0.25968607123369347] [0.6732748507298837 0.15745725357398588 0.05539331585623719 0.11387457983989324] [0.4665837234150124 0.16309843872822616 0.04168799042121374 0.3286298474355477] [0.029823141912447504 0.11732615292497861 0.3105511852835636 0.5422995198790103] [0.7046843410659249 0.0810970678650994 0.19217771973606723 0.02204087133290844] [0.14394704092981359 0.2614395672882084 0.33114534003395946 0.2634680517480186] [0.26594052657935985 0.2982264086120915 0.1276560070287872 0.30817705777976145] [0.5395816026245529 0.016120254402907652 0.17472069634966414 0.2695774466228753] [0.09408923310990813 0.7696424332108125 0.04460018376518449 0.09166814991409489] [0.20086234783710144 0.2287179862331954 0.37632519620142035 0.19409446972828281] [0.10047551266745003 0.22653891940845827 0.10639108861861701 0.5665944793054747] [0.3469747860817576 0.22242535869694413 0.14082050354464415 0.28977935167665414] [0.35400860355360175 0.039779534049010135 0.006286551315430766 0.5999253110819573] [0.629119677838435 0.259388159336605 0.0549768678229382 0.05651529500202179] [0.3760767889290414 0.2527790190891568 0.06117305972726583 0.309971132254536] [0.14759771039421077 0.5362818921150904 0.3159830179692309 1.3737952146797294E-4] [0.21347309912522172 0.0864111697938682 0.4385642620507413 0.2615514690301688] [0.32326904900118736 0.08742861610809527 0.5130620012193112 0.07624033367140615] [0.2546854736155706 0.042235779583352895 0.4872632095418027 0.21581553725927383] [0.1279585831137645 0.15631594215086198 0.2594085616372527 0.45631691309812084] [0.1480069628721974 0.5297856385616461 0.23048370289768216 0.09172369566847438] [0.21649874980818873 0.4584465215753861 0.04072337039839957 0.2843313582180256] [0.2110037379158919 0.029406624379850532 0.4201793868560354 0.3394102508482222] [0.30242185420469414 0.33087733741281167 0.1458307027482133 0.2208701056342809] [0.24683622093012725 0.007733519990653637 0.5565964922952155 0.18883376678400365] [0.8760050212661974 0.03610884579392282 0.05874113412282711 0.02914499881705268] [0.1461600318371199 0.162608695581955 0.5094356822315907 0.18179559034933435] [0.11987940282658438 0.4693083897249889 0.04828586231563137 0.36252634513279536] [0.11976083770310497 0.3429230959889418 0.19940398622311506 0.3379120800848382] [0.6060476818558447 0.005874222252073125 0.16034345800781513 0.22773463788426707] [0.6276548754255455 0.07413704448938041 0.07086879247710598 0.22733928760796807]]] [5443.461252324385 1 [[0.42618437958683286 0.2776305807174914 0.1469273231318341 0.14925771656384162] [0.012144877008483901 0.08839714767307333 0.8369939802430494 0.06246399507539338] [0.07235141390161128 0.0023804559742181043 0.8957188609190057 0.029549269205164954] [0.0731307349024295 0.006580268368104142 0.651787748246439 0.26850124848302737] [0.04648534585127409 0.13004315653377355 0.8178654895905025 0.005606008024449807] [0.5195435323286597 0.2924698351004198 0.17173680542155026 0.016249827149370268] [0.3260212878078613 0.10772815886327207 0.5119460247986622 0.0543045285302043] [0.45233595854413683 0.059484891310292366 0.30012500207554343 0.1880541480700273] [0.47931930665383354 0.38289197460422103 0.12382248019918013 0.013966238542765404] [0 0 1 0] [0.17194050985206769 0.2720409434408391 0.2862380239918347 0.2697805227152585] [0.4208639486355823 0.4143267550706552 0.019531405766360477 0.14527789052740203] [0.18774606016502873 0.3896116587541304 0.047370431466879 0.37527184961396187] [0.18616082424262986 0.11599884895005108 0.43734545831261357 0.26049486849470554] [0.3111760313397879 0.04978894140744413 0.1888618428962125 0.4501731843565554] [0.2815885592961356 0.09010632440195017 0.4983484545778565 0.12995666172405781] [0.5619041718550823 0.17655222300922813 0.049244722240281535 0.212298882895408] [0.4215600288809258 0.010014256995577526 0.1011466993282784 0.4672790147952183] [0.6895744099222939 1.4308848003315928E-5 0.08882840839564005 0.22158287283406267] [0.3495794555630276 0.1426561378798663 0.13444873469092433 0.37331567186618175] [0.21470716477764543 0.055310676345237626 0.187895097203496 0.542087061673621] [0.03468253549392026 0.13544072366926593 0.45818700954245095 0.37168973129436284] [0.2723229309058688 0.29182403532570755 0.20142117058071285 0.2344318631877108] [0.16164325160868098 0.18446545480426976 0.6162341372164377 0.03765715637061153] [0.2104058375002673 0.4809651460657713 0.1876971291799757 0.12093188725398567] [0.11038654205207256 0.08145866820919195 0.6771633800102292 0.13099140972850626] [0.0032298120349787372 0.678857477232919 0.17847018280063875 0.13944252793146347] [0.38684564271920474 0.2925353768279957 0.2831916496858554 0.037427330766944156] [0.11661241546572917 0.04037094310117312 0.300723594857648 0.5422930465754497] [0.33965350589393584 0.15999814562691872 0.09764769888608384 0.4027006495930617] [0.2547091792141634 0.2757980104692523 0.003047277523636525 0.46644553279294776] [0.47018694514978454 0.031455734750496143 0.4958095855733591 0.0025477345263602296] [0.11780704938103889 0.5365286974654668 0.22641876136327505 0.11924549179021919] [0.2245143165441731 0.3158248525017914 0.17295707122051007 0.28670375973352547] [0.022616994759917002 0.3050549430309619 0.37353911575827264 0.2987889464508485] [0.16494436710821342 0.06220176363580023 0.04759104835749107 0.7252628208984953] [0.48585689848187175 0.0037541166498940735 0.38395934791839476 0.12642963694983944] [0.07660258333268298 0.10882911552178055 0.3062704114110039 0.5082978897345325] [0.022056209345456806 0.5450147810363265 0.1581321402210228 0.2747968693971939] [0 0 1 0] [0 0 1 0] [0.1276296760410899 0.4658705563121749 0.13367103971791913 0.2728287279288161] [0.06507530596245725 0.29777905281695344 0.14459117908540622 0.49255446213518317] [0.7189045252511076 0.06444576230295829 0.0781877326126692 0.13846197983326491] [0.19866384725005526 0.08264069673074224 0.006798765603798625 0.7118966904154039] [0.03206575261434476 0.031333957934756705 0.6186664965520289 0.3179337928988697] [0.6123097072837306 0.3204667849365478 0.0626467988907974 0.00457670888892427] [0.31851169454553985 0.09783677425729918 0.13520687821327249 0.44844465298388847] [0.10632179873107894 0.29786031880926334 0.5255045528199506 0.07031332963970716] [0.011400341754712898 0.1444676249507731 0.8223230307359182 0.021809002558595848]]] [4431.078865324863 1 [[0.4763592407325641 0.3103161424239375 0.04649472832258058 0.16682988852091782] [0.054771794628059554 0.39865948536766876 0.26486433489377476 0.281704385110497] [0.34972056092669357 0.011506263024754992 0.4959426984651131 0.14283047758343836] [0.16670021146933542 0.014999604885024855 0.2062563560864245 0.6120438275592152] [0.1891701830850193 0.5292052211282733 0.2588111791079501 0.02281341667875729] [0.5931793437573368 0.3339220951824625 0.05434561755336859 0.01855294350683208] [0.5597835472896999 0.18497089965183752 0.16200384538062584 0.09324170767783671] [0.5849272276342613 0.07692143837567494 0.094973692686115 0.24317764130394875] [0.5095520453638726 0.40704262504055 0.06855818007183534 0.01484714952374211] [0.035236280848440694 0.18546620894245766 0.3722622612409067 0.4070352489681949] [0.21907341879073108 0.3466137187909697 0.09057919845957603 0.3437336639587232] [0.42445613488502903 0.41786314462639595 0.01116284434968716 0.1465178761388877] [0.1919128278833755 0.3982585580869913 0.026228117587070665 0.38360049644256256] [0.28507150761139877 0.1776311793091298 0.13839671093111833 0.3989006021483531] [0.3607013919233829 0.05771312266800727 0.05976478635006682 0.521820699058543] [0.4728018538242872 0.15129321065111648 0.15770093343894223 0.21820400208565416] [0.5743742883014398 0.1804703764774963 0.028144987410922785 0.21701034781014103] [0.45398610817843754 0.010784546086567176 0.032007581746890994 0.5032217639881044] [0.7195783315099648 1.493143716457812E-5 0.04918262021958064 0.23122411683329003] [0.3728457452203113 0.15215062896761258 0.07684189844399718 0.3981617273680791] [0.24866359050745548 0.06405818542500062 0.059458862459385524 0.6278193616081585] [0.054730778375486414 0.2137322466362797 0.14499195980380727 0.5865450151844265] [0.2723229309058688 0.29182403532570755 0.20142117058071285 0.2344318631877108] [0.3390659205919913 0.38693820266648915 0.19500551825387671 0.07899035848764288] [0.2436388372214756 0.5569322140664126 0.05939621604839854 0.1400327326637134] [0.2686566572394949 0.19825255051416596 0.21428640168803556 0.3188043905583036] [0.0037094258712269184 0.7796650274542081 0.05647637543597988 0.1601491712385851] [0.38684564271920474 0.2925353768279957 0.2831916496858554 0.037427330766944156] [0.15089199908761633 0.052238454072488366 0.09516311564834262 0.7017064311915526] [0.3647778135057392 0.17183327336237067 0.030900333132455594 0.4324885799994345] [0.25524135383353524 0.27637424687226614 9.643021976100282E-4 0.4674200970965886] [0.7862422017959214 0.052599984760231706 0.15689751565323323 0.004260297790613539] [0.1413765226849437 0.643871160230912 0.07164956505247715 0.14310275203166725] [0.24463170558624073 0.34412403415189385 0.09885068634115422 0.31239357392071126] [0.031835258763415 0.4293896316260689 0.11820537756244538 0.42056973204807063] [0.170578296620482 0.06432636090460529 0.015060050212600103 0.7500352922623126] [0.6210110600324986 0.004798425148476837 0.2125910745165972 0.16159944030242734] [0.09971952392030023 0.14167130031852426 0.09691838977439521 0.6616907859867803] [0.024888117809917988 0.6149919900616458 0.0500404604257823 0.3100794317026539] [0.052841387192284914 0.15532094810543204 0.376117885919659 0.415719778782624] [0.3377110775967149 0.10913884190727118 0.46724669755797743 0.08590338293803648] [0.13641891629448621 0.4979528147133703 0.07401114237599671 0.2916171266161468] [0.07259424235261329 0.3321850647954953 0.04575546226609892 0.5494652305857924] [0.7450312312487452 0.0667878750944933 0.04468687505911274 0.14349401859764876] [0.19959342084036663 0.08302738313709748 0.00215144979803306 0.7152277462245028] [0.06762603402091946 0.06608269360744636 0.19577523136155872 0.6705160410100754] [0.6402826965909615 0.3351071112970751 0.019824399115292095 0.004785792996671175] [0.3525512640143621 0.10829265933457587 0.042785827277542605 0.4963702493735194] [0.10632179873107894 0.29786031880926334 0.5255045528199506 0.07031332963970716] [0.04746661792308068 0.6015073673522481 0.2602217551677675 0.0908042595569038]]] [5439.776992942599 1 [[0.4773018034183762 0.28882909704610343 0.07859091875699496 0.15527818077852534] [0.04157665457249086 0.29049509417726704 0.462655970302629 0.20527228094761304] [0.36370819831492196 0.011258761066038273 0.4852748744272574 0.13975816619178233] [0.13959454199545232 0.012002695230335913 0.35864482674112846 0.4897579360330833] [0.14523546132109946 0.38813560332642666 0.4498968645167624 0.016732070835711477] [0.5903262826632627 0.30275765146059525 0.09009464050523239 0.016821425370909644] [0.49779847716877307 0.15235504829245466 0.27304604321218634 0.07680043132658587] [0.560464634861433 0.06755694851728897 0.15840545515515694 0.21357296146612106] [0.5299324005311341 0.3901281427022648 0.06570927419654891 0.014230182570052192] [0.02035382663210074 0.10293000619505398 0.6508198115143315 0.22589635565851376] [0.20271545607944808 0.32073246711516523 0.15848461410780612 0.31806746269758057] [0.43769708045858224 0.40228395982510146 0.01896370716224307 0.1410552525540732] [0.19958869069072366 0.39447557753834467 0.02597898180167511 0.37995674996925655] [0.26077242534721906 0.1541497367481963 0.2389087528992184 0.34616908500536625] [0.3435131041658086 0.05496295374152693 0.10456925279762685 0.4969546892950376] [0.4226955005935711 0.12649570428836066 0.26836922097211463 0.18243957414595358] [0.5843784346837102 0.16749511539035492 0.0467184739643341 0.20140797596160082] [0.46044009442464456 0.010183013451054697 0.05422346884420639 0.4751534232800944] [0.7483590264365567 1.3398969505558501E-5 0.04413482917029344 0.2074927454236443] [0.3635614492148533 0.1395894801131488 0.13155851024917983 0.36529056042281804] [0.2463530061621477 0.06026466518402813 0.10274237573690019 0.590639952916924] [0.04968357994423684 0.18618601077887853 0.2531804789873857 0.5109499302894989] [0.2723229309058688 0.29182403532570755 0.20142117058071285 0.2344318631877108] [0.2885881931338757 0.31180353903136576 0.33595605371871784 0.06365221411604075] [0.24138839428518277 0.5241528056295724 0.10266798631682326 0.13179081376842153] [0.22227575052307075 0.15600331431032413 0.3708563615972243 0.25086457356938074] [0.003542970937172818 0.7446787262759469 0.09881558591151995 0.15296271687536034] [0.4023181575785945 0.2851534542971972 0.27604550947533596 0.036482878648872286] [0.14455424127589703 0.04780901316850865 0.16542991526326553 0.6422068302923288] [0.35605816313161276 0.1677257700798609 0.05406569560764474 0.4221503711808816] [0.26525805914787565 0.2723922729671183 0.001664115162374693 0.46068555272263134] [0.7036117475208006 0.041475047242477414 0.25155396372860833 0.003359241508113705] [0.13852390201184714 0.6028885591884217 0.12459332176207256 0.13399421703765857] [0.2334941284258774 0.31216772791066455 0.1709542979955429 0.2833838456679152] [0.029781306626833783 0.3857825784513349 0.20657772315380488 0.37785839176802644] [0.1753673311503828 0.06307314689579492 0.02613650873461066 0.7354230132192116] [0.6458493981010308 0.004483943923656307 0.19865819040750274 0.15100846756781017] [0.0953641023194516 0.12974706380702725 0.16889145517420864 0.6059973786993125] [0.024861404721895065 0.5901270535641935 0.08746903000867046 0.297542511705241] [0.02895933736967915 0.08512251429728479 0.6580859515512654 0.2278321967817707] [0.12029214955885398 0.03718446130725658 0.813255431336281 0.02926795779760835] [0.14187521068268588 0.4948066397915544 0.07354352377198835 0.2897746257537713] [0.07278386940905146 0.31928023528529 0.07981646221037232 0.5281194330952862] [0.7476582702105777 0.05785349320067812 0.07018977346902847 0.12429846311971567] [0.207240959595856 0.08206809213536877 0.003726879824011109 0.7069640684447641] [0.05749566269890122 0.05389634091804446 0.34174225643651635 0.546865739946538] [0.6557952203549621 0.3074950220518583 0.03231830341797286 0.004391454175206805] [0.3543658245487367 0.10250021455310275 0.07331396228336601 0.4698199986147946] [0.11057431040260823 0.2964429691632461 0.523003972363657 0.06997874807048864] [0.036347303728668706 0.44224549134404095 0.45464530546686704 0.0667618994604234]]] [5405.126383622032 1 [[0.4069641450766656 0.2651098851590169 0.07213687837996045 0.25578909138435707] [0.033858011821671474 0.24643738004314125 0.39248760983592423 0.327216998299263] [0.3152567970230117 0.010372360198887277 0.44706924354337263 0.2273015992347284] [0.1342259584885237 0.012077587214170737 0.36088262600631804 0.4928138282909875] [0.13823517653500167 0.3867141003560445 0.44824916787724967 0.02680155523170411] [0.561555714375172 0.3161200110544521 0.09407101229336823 0.028253262277007654] [0.4786539414577027 0.1581630089022774 0.28345489202565144 0.07972815761436847] [0.4468850134504611 0.05876805933991513 0.13779753811618875 0.356549389093435] [0.5095520453638726 0.40704262504055 0.06855818007183534 0.01484714952374211] [0.016189937105855146 0.08521575449335926 0.5388137369031326 0.35978057149765297] [0.14679739974211933 0.2322600017579737 0.11476741685173275 0.5061751816481742] [0.3785577810775306 0.3726777205533731 0.017568066003772687 0.23119643236532364] [0.12127972942248627 0.25168036289023854 0.016574916014233946 0.6104649916730412] [0.25074353366013247 0.15624104268218653 0.2421499604624625 0.3508654631952185] [0.14281634034757848 0.022850970786457203 0.04347490042251587 0.7908577884434485] [0.3509409614572688 0.11229859692469019 0.23824909424780902 0.298511347370232] [0.4723396778405612 0.14841075100563778 0.041395379147178536 0.3378541920066224] [0.1904112762703801 0.00452326436282246 0.02408590398416978 0.7809795553826276] [0.5915816152037178 1.2275472076262238E-5 0.0404341440471066 0.3679719652770994] [0.22642201292271175 0.09239813547542872 0.08708221452716956 0.59409763707469] [0.02842668272815911 0.007322992921890922 0.012484624082819602 0.9517657002671304] [0.01813277671306121 0.07081132809856816 0.09629104727433273 0.8147648479140379] [0.2230050537216141 0.23897449421019412 0.16494365280442952 0.3730767992637622] [0.2661474316520201 0.30372444587746444 0.32725114850166204 0.10287697396885345] [0.2109738645343006 0.48226359485711134 0.09446297267916103 0.2122995679294271] [0.21372737956822918 0.1577180277216731 0.37493263638488605 0.2536219563252117] [0.0031645823536582485 0.6651471880822298 0.08826210121032765 0.24342612835378433] [0.3779499369265331 0.2858083819782719 0.276679518436712 0.059562162658482964] [0 0 0 1] [0.35605816313161276 0.1677257700798609 0.05406569560764474 0.4221503711808816] [0.2550566571369892 0.2761742580787535 0.0016872202919717694 0.4670818644922855] [0.6750797565049623 0.04516316323773063 0.27392308104082796 0.005833999216479134] [0.13319649361159303 0.6066168501788952 0.12536381267937247 0.1348228435301393] [0.1711446037478132 0.24074954357975648 0.13184312642081594 0.4562627262516143] [0.01833061157410606 0.24724079077790506 0.1323917731969038 0.6020368244510851] [0 0 0 1] [0.5502205566965943 0.004251441441837925 0.18835732066209568 0.257170681199472] [0.007424086969199555 0.010547383433608616 0.013729504808154432 0.9682990247890374] [0.017908522337505613 0.4425243353282852 0.065591255531528 0.47397588680268116] [0.023905987105325228 0.0702687945924606 0.5432511825512993 0.3625740357509148] [0.11566590528810239 0.03738000850056333 0.8175322128586813 0.029421873352653005] [0.10320600530394619 0.3767199024326231 0.0559921934588551 0.4640818988045756] [0.023365007328461206 0.10691628181270917 0.026727866068353482 0.8429908447904761] [0.6505740125548798 0.05832031473017771 0.07075613680498788 0.22034953590995468] [0.19927080272766973 0.08289317962709664 0.003764348733619638 0.714071668911614] [0.055284471186160644 0.054022786099131914 0.34254401144927427 0.5481487312654332] [0.6288083686800479 0.3291017500702698 0.03458921104863647 0.007500670201045833] [0.3407374799594942 0.1046638364577589 0.07486150728514984 0.47973717629759705] [0.1015661392763596 0.2845373478076739 0.5019993006050467 0.11189721231091974] [0.03494944438166492 0.4428870056532288 0.45530480675013774 0.06685874321496854]]] [5746.849032158731 1 [[0.440646763885842 0.28705185550796125 0.11797866738848535 0.15432271321771138] [0.024431644724809864 0.1778270545783554 0.6720835328406254 0.12565776785620933] [0.1947957810008917 0.006409035506432963 0.7192380240340747 0.07955715945860067] [0.1001011678616218 0.009007054959435807 0.5233679367401168 0.3675238404388256] [0.08761277306472359 0.24509748939948037 0.6567238721033529 0.010565865432443125] [0.5407682926714495 0.3044180199419833 0.13790001078975747 0.01691367659680976] [0.39340083912165064 0.1299925792539606 0.41107881429504056 0.06552776732934816] [0.49055401923204095 0.0645107954931638 0.2409922609361638 0.2039429243386315] [0.49266552268662783 0.3935532580938546 0.09942610329549552 0.014355115924022032] [0.019571050913236743 0.1030122513074041 0.6513398420719538 0.22607685570740532] [0.18552608291865402 0.29353577393423697 0.2298413930550482 0.2910967500920608] [0.4208639486355823 0.4143267550706552 0.019531405766360477 0.14527789052740203] [0.18958547612601354 0.3934288248936924 0.03803717551612481 0.3789485234641692] [0.21467080476857403 0.13376373013841328 0.3511765766931687 0.30038888839984396] [0.32545120382559933 0.052073004622136675 0.15165095280090188 0.47082483875136205] [0.3367038119425503 0.10774281093701034 0.40016033310190957 0.1553930440185298] [0.5488002487848126 0.17243492532026433 0.07141687301340208 0.207347952881521] [0.43090651055326534 0.01023628485177568 0.08121806443575359 0.47763914015920533] [0.7028196148367633 1.458368944343734E-5 0.07132680991781529 0.22583899155597797] [0.3251306325619632 0.13267907941851326 0.19498349823933203 0.3472067897801916] [0.23687866234570054 0.06102227207771316 0.1040339838773281 0.5980650816992582] [0.04046123395869424 0.15800744466556285 0.36791177875084724 0.43361954262489566] [0.2723229309058688 0.29182403532570755 0.20142117058071285 0.2344318631877108] [0.27748955136890374 0.3166679449174643 0.3411972598007802 0.06464524391285176] [0.23210498152563785 0.5305670587296787 0.10392437270346744 0.13340358704121602] [0.1560062642918757 0.1151232956958888 0.5437438828597276 0.1851265571525079] [0.0033680557581610856 0.7079142099921283 0.14330673074677897 0.14541100350293154] [0.3180337936688258 0.2404993759810242 0.4106970486174674 0.030769781732682515] [0.126493150571499 0.043791630282376634 0.24147291475354596 0.5882423043925785] [0.34689532746815127 0.16340949867562626 0.07840846169772893 0.4112867121584935] [0.2550566571369892 0.2761742580787535 0.0016872202919717694 0.4670818644922855] [0.5612866009726943 0.037550345923747806 0.3981216899452805 0.0030413631582773136] [0.1246007060621458 0.5674690511140195 0.18180814274702434 0.1261221000768103] [0.20337444030356716 0.2860873355435715 0.25082999010239704 0.25970823405046434] [0.025274063928501105 0.34089312986594544 0.2999418090200392 0.3338909971855143] [0.16656828896588038 0.06281415680402126 0.03821432491354797 0.7324032293165504] [0.5455205847620329 0.004215125722232617 0.3083089736693725 0.14195531584636198] [0.08326580214308377 0.11829553529661624 0.2459268584534944 0.5525118041068056] [0.02287247764351345 0.5651849871113733 0.12697583251976646 0.2849667027253467] [0.003863457553160885 0.01135617215987197 0.9543853370625063 0.03039503322446087] [0 0 1 0] [0.13150967845539344 0.480033241193254 0.10733423027249388 0.2811228500788587] [0.06724256153847977 0.3076962295877021 0.11610280689126659 0.508958401982