"BehaviorSpace results (NetLogo 6.0.2)"
"basic.nlogo"
"GA"
"05/30/2018 02:31:49:129 -0700"
"min-pxcor","max-pxcor","min-pycor","max-pycor"
"0","106","0","15"
"[run number]","N","tau","percent-to-replace","num-variants","mutation-magnitude-sp","p","mem-size","mutation-probability","num-param-pop-mutations","mutation-magnitude","Ng","[step]","mutation-history"
"1","50","0","1","1","1","0","4","0.8","5","0.4","10","1","[[5057.299306197461 0 [84.07661053194774 103.87751005668626 125.10502580681609 118.43990459867427 97.99595409252159 117.07643079862758 108.43656372443559 95.59122668958449 107.09402065805351 114.26136163184216 92.93252816342063 121.71043453487928 97.18140762534355 98.61760395719206 120.85099687109378 105.19537608759579 93.22197346682472 96.96173611963086 86.218420320251 122.47379847036598 91.32536647978834 126.13771717730529 102.51725326118918 111.38087706005327 95.20776475783879 129.2625449213146 113.48554902170463 132.062058697299 125.42192295373073 129.67756280502277 113.85838069888413 94.43524373703403 126.2659051342858 135.0933431768672 95.24916788440817 83.63380363124607 110.77614446744882 102.80722387995237 111.63032921820107 107.4588229466948 109.9388076793111 122.74275819104193 119.54050698009506 113.80257079135798 102.324181759422 91.2884943685859 95.52804726420288 129.60954701660046 141.7327738363948 98.4864459969319] [[0.4136006506328491 0.2470436600813808 0.0074582428209105656 0.3318974464648595] [0.22994341981148736 0.4068750406370588 0.17085987004912528 0.19232166950232854] [0.17219384908301416 0.08819201641020258 0.6549341211751987 0.08468001333158459] [0.12019096149729747 0.34262454879213944 0.41806998841533094 0.11911450129523216] [0.22621894766417516 0.21965997005850812 0.3655614147739362 0.1885596675033805] [0.09945494297535562 0.5401752474162349 0.2548237550767122 0.1055460545316973] [0.8418398870207899 0.011758319973258269 0.07719378184579062 0.06920801116016118] [0.20907289293041864 0.34194526120983737 0.3218784779175978 0.12710336794214616] [0.01842633203523636 0.7177759046425937 0.135105984790712 0.12869177853145797] [0.3207661884344064 0.1621934158364361 0.3173830638684667 0.1996573318606908] [0.11687748413122356 0.09376641079925807 0.5781741819296031 0.21118192313991524] [0.04351540034477641 0.6662198003113592 0.2771772615120889 0.01308753783177552] [0.5424922567454272 0.023469187957920523 0.42753937292056177 0.006499182376090484] [0.1613079321906855 0.044167181773809516 0.7642391977444982 0.03028568829100675] [0.2948736660117466 0.1770176997409153 0.28031856431493973 0.24779006993239838] [0.4740967464176241 0.006977793094403162 0.07173996513086978 0.44718549535710295] [0.3692352989281912 0.296921274555048 0.1781857997147972 0.1556576268019636] [0.3783566730159248 0.2238447350824906 0.25351515061325014 0.14428344128833448] [0.11695135109193833 0.007159562532303987 0.23761985722889978 0.6382692291468579] [0.0665668601697248 0.017685422541512286 0.4827993454430459 0.432948371845717] [0.1232170641908319 0.24575705959912197 0.3847940775388251 0.24623179867122102] [0.050060785578960765 0.1738170559186869 0.7355806714567722 0.04054148704558014] [0.3171817634539311 0.3198894201680923 0.15271272978248307 0.2102160865954935] [0.027472952628000535 0.2838130853496659 0.61108482751299 0.07762913450934361] [0.16947295764283798 0.04797947434139982 0.0299805593793131 0.7525670086364491] [0.37468323909564927 0.4824226221613769 0.05402550898648861 0.08886862975648524] [0.35226220286990495 0.04927189980344571 0.5480026964773247 0.05046320084932465] [0.45254955597768876 0.11627123555404661 0.3020106584233069 0.12916855004495775] [0.008664258706300276 0.3369891506810314 0.16388323001218674 0.49046336060048157] [0.40407192948002235 0.1387457936738954 0.07508810432903412 0.38209417251704814] [0.1263966153673235 0.4014805541318913 0.1890464575505112 0.283076372950274] [0.21496166594418942 0.4923426356300957 0.263992012711432 0.028703685714282834] [0.8763090603034858 0.027249963901752494 0.019757943335425687 0.07668303245933605] [7.758980247463132E-5 0.513607156780339 0.3089797851547793 0.1773354682624071] [0.25568130016231605 0.012575285592893226 0.3464886179698079 0.3852547962749828] [0.009052131068027935 0.04141706075440821 0.3364631006938955 0.6130677074836683] [0.05259012328356749 0.12068531823411888 0.6959078148624152 0.13081674361989848] [0.1924208504214454 0.4365381265801077 0.03927092717934255 0.3317700958191043] [0.01010044218416195 0.09562609154357538 0.3808096815552572 0.5134637847170055] [0.20231290089474885 0.008824304603737732 0.6608615368565857 0.12800125764492776] [0.20320391987697606 0.30831792706322747 0.007456370985998717 0.48102178207379775] [0.542005332289737 0.37409913409280804 0.0246166028762691 0.05927893074118584] [0.44419188397209497 0.38509026871991303 0.10794365156469832 0.06277419574329368] [0.07232967122714618 0.8460875038153708 0.06544554382669632 0.016137281130786718] [0.6374950473939754 0.010231768692277488 0.09831565247363705 0.25395753144011] [0.33923821840752877 0.1314661760347896 0.09154916988733053 0.4377464356703511] [0.09723964885561875 0.48602615618685274 0.006514094244529645 0.41022010071299886] [0.559985311251255 0.27221095668602 0.1477484453036224 0.02005528675910262] [0.49920250226506935 0.2596888467609155 0.010357625325441044 0.23075102564857408] [0.1323946097391866 0.5442443156691624 0.13646073345094645 0.18690034114070453]]] [5364.9425494397 0 [123.6456794225825 103.83872605759807 97.92618850683367 90.1433204722494 126.31944528520287 115.74421301167835 121.32291624627241 113.23608901299211 132.83347414382723 97.49069288199723 137.13334531937306 107.59332838449988 112.18507377667427 111.31594634407938 93.65801618320303 123.68856162906509 153.29302610829237 135.49882158411071 118.04320346716537 110.66416543627476 106.93289519061669 98.80366633859703 142.4416721557135 127.80482831574675 105.10385110985636 130.78796581658517 126.08413570314406 145.352669938834 121.28743039681432 102.05663318599112 127.48136986844928 147.29664936767008 120.31114667843877 130.76945376522883 98.6643275607622 96.33389402128304 123.94079481555764 102.00800179464872 128.05527039994843 101.95692611482086 102.91341991341992 95.08122040535558 138.6022963889433 126.1229436721428 104.8026836931956 108.68617515873042 177.3022771189416 97.75978684938342 102.17376173130651 98.50761925590302] [[0.4589455370985751 0.29897228074361604 0.08135089735354628 0.16073128480426258] [0.03997768273003577 0.2909797375013021 0.463427835755184 0.20561474401347812] [0.34972056092669357 0.011506263024754992 0.4959426984651131 0.14283047758343836] [0.1342259584885237 0.012077587214170737 0.36088262600631804 0.4928138282909875] [0.13964993705113893 0.39067190511986116 0.4528367499963606 0.01684140783263932] [0.5676232750849599 0.3195356603115982 0.09508744140896597 0.01775362319447593] [0.4786539414577027 0.1581630089022774 0.28345489202565144 0.07972815761436847] [0.5389100586443208 0.07086990467805743 0.16617357287026224 0.22404646380735949] [0.5095520453638726 0.40704262504055 0.06855818007183534 0.01484714952374211] [0.019571050913236743 0.1030122513074041 0.6513398420719538 0.22607685570740532] [0.20271545607944808 0.32073246711516523 0.15848461410780612 0.31806746269758057] [0.4208639486355823 0.4143267550706552 0.019531405766360477 0.14527789052740203] [0.1919128278833755 0.3982585580869913 0.026228117587070665 0.38360049644256256] [0.25074353366013247 0.15624104268218653 0.2421499604624625 0.3508654631952185] [0.3435131041658086 0.05496295374152693 0.10456925279762685 0.4969546892950376] [0.4064393056127279 0.13005767000188784 0.27592617295753186 0.1875768514278524] [0.5619041718550823 0.17655222300922813 0.049244722240281535 0.212298882895408] [0.44273230254738527 0.010517209304029218 0.05600302638959587 0.49074746175898964] [0.7195783315099648 1.493143716457812E-5 0.04918262021958064 0.23122411683329003] [0.3495794555630276 0.1426561378798663 0.13444873469092433 0.37331567186618175] [0.23687866234570054 0.06102227207771316 0.1040339838773281 0.5980650816992582] [0.04777282867817023 0.18656036520263852 0.2536895356663602 0.511977270452831] [0.2723229309058688 0.29182403532570755 0.20142117058071285 0.2344318631877108] [0.27748955136890374 0.3166679449174643 0.3411972598007802 0.06464524391285176] [0.23210498152563785 0.5305670587296787 0.10392437270346744 0.13340358704121602] [0.21372737956822918 0.1577180277216731 0.37493263638488605 0.2536219563252117] [0.003542970937172818 0.7446787262759469 0.09881558591151995 0.15296271687536034] [0.38684564271920474 0.2925353768279957 0.2831916496858554 0.037427330766944156] [0.1389949156426954 0.04811971185360375 0.16650500244330269 0.6463803700603982] [0.35605816313161276 0.1677257700798609 0.05406569560764474 0.4221503711808816] [0.2550566571369892 0.2761742580787535 0.0016872202919717694 0.4670818644922855] [0.6765519615934651 0.045261654472419255 0.27452044890718863 0.0036659350269270252] [0.13319649361159303 0.6066168501788952 0.12536381267937247 0.1348228435301393] [0.2245143165441731 0.3158248525017914 0.17295707122051007 0.28670375973352547] [0.028635965059132573 0.386237994149067 0.2068215878153551 0.3783044529764453] [0.16862298321091462 0.06358899748524083 0.026350269012959893 0.7414377502908847] [0.6210110600324986 0.004798425148476837 0.2125910745165972 0.16159944030242734] [0.09169655099869911 0.13027308097752566 0.16957617051778073 0.6084541975059945] [0.023905274736860327 0.5907056771297309 0.08755479398392296 0.29783425414948583] [0.02895933736967915 0.08512251429728479 0.6580859515512654 0.2278321967817707] [0.11566590528810239 0.03738000850056333 0.8175322128586813 0.029421873352653005] [0.13641891629448621 0.4979528147133703 0.07401114237599671 0.2916171266161468] [0.06998471784270577 0.32024410308397944 0.08005741830231816 0.5297137607709966] [0.7189045252511076 0.06444576230295829 0.0781877326126692 0.13846197983326491] [0.19927080272766973 0.08289317962709664 0.003764348733619638 0.714071668911614] [0.055284471186160644 0.054022786099131914 0.34254401144927427 0.5481487312654332] [0.630574381820781 0.3300260348670552 0.03468635511395435 0.004713228198209518] [0.3407374799594942 0.1046638364577589 0.07486150728514984 0.47973717629759705] [0.10632179873107894 0.29786031880926334 0.5255045528199506 0.07031332963970716] [0.03494944438166492 0.4428870056532288 0.45530480675013774 0.06685874321496854]]] [4785.996369471172 0 [88.28919239429774 102.46409146409145 112.31481481481481 101.64670961222686 108.49010407990826 112.79281256027791 105.1390142848825 108.39240960605281 94.78480560833502 87.89938274090315 111.72228149602698 94.35775060603436 111.7209240035327 111.07152037974862 112.88343229288547 114.46977531129573 74.59831263548523 87.8968685761868 109.11407843641727 100.39816036755802 117.5085628694227 110.8990786139124 110.97921192942802 110.94130424849972 89.84560502492326 96.00949038549355 114.69876625124003 100.73672462802897 84.46196842748567 103.56545226110443 89.4598217260965 110.30501300351284 113.20614283042977 94.2579852761341 111.60142110426875 87.83853996522662 89.31145376166982 98.0836585683574 96.99045467080566 108.38625592461909 120.26475444510545 108.50366105629263 115.637210047696 110.20474427536688 112.52658474426615 107.04806143936581 88.95911862028805 75.11368661653427 74.30986796863765 107.8989580448263] [[0.04000415768659171 0.43630140660360206 0.23960235864485024 0.284092077064956] [0.28368090163752147 0.36566473264617383 0.2128778133309437 0.13777655238536102] [0.8045396079740698 0.04239810466069582 0.08362054855372092 0.0694417388115135] [0.7082269108132402 0.05026235442024496 0.2354596178256837 0.006051116940831158] [0.03333724167561969 0.2676596243320897 0.06153437946014695 0.6374687545321437] [0.15775964901801653 0.03495686044451751 0.4906135492064928 0.31666994133097315] [0.024354856709417172 0.14411153225206186 0.5530734438904453 0.27846016714807564] [0.15524101131823287 0.29438659228676456 0.12358136054378022 0.42679103585122236] [0.061241783044722164 0.14491774413310643 0.21631082729694073 0.5775296455252307] [0.08955133410292881 0.20827987893105848 0.06223204801274296 0.6399367389532697] [0.18746584254187992 0.007700281267351783 0.726140031887654 0.07869384430311432] [0.4263081512851342 0.23535779586642758 0.21139961352454906 0.12693443932388915] [0.6538910283620044 0.0885359267819168 0.006458762605972557 0.25111428225010624] [0.10317755876195256 0.280333159609234 0.5102457726030245 0.10624350902578894] [0.37038882998364864 0.3784599968512655 0.19034375485585098 0.06080741830923486] [0.3551461278363601 0.18579560151434016 0.408213021086796 0.05084524956250369] [0.017494581126889175 0.15392172830862805 0.18624441560806082 0.642339274956422] [0.014561507959113817 0.12608616469767708 0.4722703113141421 0.387082016029067] [0.21882516995359858 0.3170933065401672 0.014451246633002457 0.44963027687323176] [0.17456177651423732 0.07413442008327231 0.3938410423623393 0.35746276104015107] [0.47717435636559213 0.15480328714274738 0.03272013229752746 0.335302224194133] [0.1747730100794047 0.256904574055527 0.4924486910396769 0.07587372482539134] [0.15277453160581866 0.10820296133115048 0.37029416697312756 0.3687283400899033] [0.2765923358587381 0.049683903901519 0.6450335985597555 0.02869016167998739] [0.28771627383313414 0.02531009141170215 0.20781805158060618 0.47915558317455753] [0.04710533616927848 0.12140223039557496 0.41510694042928864 0.4163854930058579] [0.15964511942099313 0.060120064660984296 0.6662621430339013 0.11397267288412127] [0.4804357542979095 0.1760374383146709 0.25124766164005174 0.09227914574736784] [0.6203391358334105 0.1494958355157866 0.0183018360990006 0.2118631925518023] [0.7628091187551169 0.06949727902420555 0.08594518895682324 0.08174841326385429] [0.21353214432160084 0.16615827334501532 0.3192259202191684 0.30108366211421544] [0.4453381398239675 0.040546547550220025 0.3193693795223108 0.19474593310350163] [0.03905287768918764 0.13455070463490226 0.2736074212887061 0.552788996387204] [0.09447497809848826 0.44041579333412895 0.28512367172809006 0.17998555683929274] [0.11244565743474577 0.05552213611298007 0.4989898762245949 0.33304233022767926] [0.06405396876503688 0.24963105248090567 0.4816831373366688 0.20463184141738866] [0.005113167859391421 0.06245693138142594 0.37985318227093745 0.5525767184882452] [0.03184822583881797 0.33300386767692414 0.2557318563302674 0.3794160501539905] [0.10946083214918056 0.45965066496352114 0.29288624486211234 0.13800225802518595] [0.37313639592693915 0.3529096962675373 0.13006033541612072 0.1438935723894028] [0.22016747864400188 0.4667433176994028 0.2620285815719383 0.051060622084657004] [0.37197993176566846 0.238305997541305 0.31784566673179504 0.07186840396123151] [0.2936627863664407 0.3065365651902311 0.3867977566831571 0.01300289176017111] [0.11754994522578466 0.2206711805491962 0.07563833774629503 0.5861405364787241] [0.07329337011926684 0.12946115547519854 0.05258017008226901 0.7446653043232656] [0.6644431141979336 0.10899619335449184 0.08274060218432144 0.14382009026325315] [0.09970430808607411 0.013006953761797946 0.4359929664806277 0.45129577167150026] [0.1494278817339404 0.12918790955732506 0.1922192132228342 0.5291649954859003] [0.10214484258805112 0.019457251236211448 0.2159085596141025 0.6624893465616349] [0.5220173894890356 0.004061017919160914 0.10201539689713068 0.37190619569467276]]] [4530.936905353781 0 [107.143147985859 110.0529719424322 120.27287679640624 85.35714285714286 80.93127330186154 86.67040149393091 102.74807573784558 100.18375770293929 98.85514635974997 83.11160574965932 115.71354584602669 101.81187105023419 96.04173306091467 83.49047619047619 103.67352169674153 88.24014277850598 108.15863829265365 126.23846434895029 108.91800290464985 62.680244222955224 106.92634358357877 84.839914334032 93.42445731979991 99.15331028732564 100.41731238355278 106.73842280870149 104.35789875758915 85.45125731718815 114.80608729150929 84.98658865251947 83.226136807211 85.69496573332891 101.41590035426351 94.01706585542904 89.05897602644137 109.69342103582245 134.66766501472384 105.18645843320769 97.22232493281088 99.23840603840603 110.08189579672957 84.38549554273072 110.04638804607846 106.10630582082999 76.8559205500382 97.24358974358975 98.29982398959383 82.24423455875875 90.67784763508283 93.24254502919199] [[0.4410919176685172 0.1280793744191917 0.4032098256618859 0.027618882250405208] [0.10192129054677546 0.03162107031305417 0.06946690706513581 0.7969907320750346] [0.216069249479928 0.3050954339542079 0.3200859682944084 0.1587493482714557] [0.008059367208129053 0.13529566930021375 0.684366883460391 0.1722780800312662] [0.22975041256310702 0.5300310073653078 0.013103971727656427 0.22711460834392871] [0.09694331327137973 0.14574498448253304 0.716969615201297 0.040342087044790254] [0.08518882501303637 0.31879024845589 0.4259782320890678 0.17004269444200582] [0.5460522306466995 0.2632720869858195 0.09016137508073652 0.10051430728674449] [0.12492949578417678 0.3203061588922713 0.10416152825308245 0.45060281707046945] [0.16047311196752456 0.14932147470897084 0.37870437499127296 0.31150103833223164] [0.4685145441194126 0.3002690076870109 0.006354269654129108 0.22486217853944734] [0.6917987556512889 0.0023423309826838823 0.08119988592204441 0.2246590274439828] [0.06388575092025917 0.4640268846246759 0.3363670587565948 0.13572030569847016] [0.42717859467538544 0.05047372783373927 0.4852942358470428 0.03705344164383251] [0.40383043970397603 0.2876435193771486 0.08958139253385144 0.21894464838502392] [0.007634828208257227 0.053925876976779086 0.7853943201018949 0.15304497471306877] [0.11294426043535333 0.7004798421223237 0.143758434092641 0.04281746334968195] [0.5450592291816343 0.22888509828877146 0.22305125739677178 0.0030044151328224578] [0.10028925888835583 0.15385645977734008 0.3530730299395377 0.3927812513947664] [0.13067960874397055 0.2606204774570936 0.13066983954102362 0.4780300742579122] [0.32723288855772525 0.01671884382583788 0.5248029077032992 0.13124535991313768] [0.055608365742725874 0.37442070717336895 0.43332567729076055 0.13664524979314463] [0.6532450748695706 0.20195754706742963 0.0029728956645214133 0.14182448239847834] [0.1355949427629588 0.48976188347356764 0.08241834317697527 0.2922248305864983] [0.4956988693771154 0.22064952534956372 0.17874057097213836 0.10491103430118254] [0.0907250921674827 0.04426024355731395 0.7791995268808001 0.08581513739440327] [0.6394584424283333 0.03394175037397218 0.2072269198597756 0.11937288733791895] [0.17487384951240859 0.41609504956518406 0.009853635309232 0.39917746561317535] [0.17910408072968564 0.44463916295437056 0.08656438124231025 0.28969237507363355] [0.25929138090117276 0.018016726884111933 0.40052097067315307 0.32217092154156224] [0.08949838124686671 0.07156587802291947 0.2928368674270405 0.5460988733031733] [0.01054877981006297 0.5646384721326719 0.3196746283880454 0.10513811966921971] [0.20365325271685963 0.3460486479632938 0.20785036294838222 0.24244773637146433] [0.6328801360021364 0.024531610998989706 0.108193955033414 0.23439429796545985] [0.09569485847838377 0.04487112186239173 0.4724177748500904 0.3870162448091341] [0.11742011173833855 0.19752840852563314 0.4377944577048558 0.2472570220311725] [0.09887803155579178 0.5432673668323706 0.09954234548242702 0.25831225612941056] [0.021910728629878973 0.07886047287564912 0.8892761997420603 0.009952598752411612] [0.40992624882667406 0.306824320452621 0.12111659534141561 0.16213283537928935] [0.897863643726612 0.03222508029375937 0.018743243366552198 0.05116803261307645] [0.6063674073721594 0.10385265556478884 0.1474624988615586 0.14231743820149312] [0.14457358946611842 0.21218225182724115 0.03722070534884847 0.606023453357792] [0.038498499929512375 0.46323894027943713 0.4171800014495576 0.08108255834149292] [0.31096606905081126 0.08710980613324704 0.5346365317318522 0.06728759308408949] [0.07148879418909904 0.2573454886284623 0.35206035836132143 0.31910535882111724] [0.32239543692373396 0.0683851283908753 0.5120043638104906 0.09721507087490011] [0.4822585509728957 0.3599704105213176 0.019611030755123715 0.13816000775066295] [0.01020176731361866 0.16018471874574647 0.4065138501507214 0.4230996637899135] [0.020202663570986656 0.06181519526478574 0.12232079162063902 0.7956613495435886] [0.14937459579542622 0.04336422475324131 0.5740631311004697 0.23319804835086277]]] [4705.952889847555 0 [105.42821497667146 97.85194081858951 99.91145969691607 92.71530591622125 105.12550821375397 94.93249329629433 73.24198100080896 120.24962428679692 131.83002043454093 107.24739801538904 120.55701573919742 97.30482012544273 110.7183225622585 102.54658974734727 97.65345841228638 101.15703562354227 105.25218786068234 100.83573920959915 77.1669937205989 83.32896174013115 95.74356713943541 96.97153233517554 86.88386545433022 110.98335955614635 90.57731102477811 99.1601459809264 105.4318718396088 105.43051323127078 137.44041416877369 93.17375477038055 111.59422285217589 85.84569885854114 104.02524427009556 84.63243267030455 114.84671474612993 132.49551835520342 93.72374847374847 94.11070090382016 81.84865132056314 116.90109124390092 103.49610993172412 94.90539476903795 105.36160379481827 90.24838969404186 111.25899974999456 103.66405916942101 95.54909076731364 99.41000250506984 100.525386452305 90.7055325738975] [[0.021078757833075668 0.11309980717330725 0.2579766848948085 0.6078447500988086] [0.2616620569588368 0.051782555885027226 0.6111550504538662 0.07540033670226975] [0.03658966791191576 0.3895688590698556 0.016560516325943353 0.5572809566922853] [0.5991501601860759 0.05911914701808485 0.1463266626697386 0.19540403012610064] [0.07904784610687698 0.42562282743217006 0.24850783547436128 0.24682149098659167] [0.6769248146366248 0.18738288015469706 0.1034905949208269 0.03220171028785124] [0.1168269459417477 0.06796992792620793 0.02155676136596618 0.7936463647660782] [0.10832536672789683 0.2314066456879793 0.5816603208816555 0.07860766670246833] [0.26578281993971387 0.3085679468617867 0.13259335312879816 0.2930558800697013] [0.7565903744732234 0.12340780608432256 0.10268228530225265 0.017319534140201376] [0.239008992732483 0.6248508486094558 0.07417918087220032 0.06196097778586085] [0.7839043198220377 0.04014146189534551 0.16897445109350917 0.006979767189107644] [0.5416323368855556 0.04871445525679241 0.39040982382311784 0.019243384034534183] [0.4494317444155499 0.025529510064686955 0.4029710777590182 0.12206766776074496] [0.05909938860206332 0.11346587122814644 0.144573629623178 0.6828611105466122] [0.19781776285619113 0.015694863416721994 0.5532977704915839 0.23318960323550297] [0.22713992405146588 0.4203923335453722 0.06448977808014478 0.28797796432301714] [0.15779462638973318 0.1695134889702482 0.493867300476297 0.1788245841637216] [0.1356663302744483 0.29437911955823903 0.15687150043779852 0.41308304972951415] [0.02987095465239553 0.5708469849620053 0.13959598915190574 0.25968607123369347] [0.6732748507298837 0.15745725357398588 0.05539331585623719 0.11387457983989324] [0.4665837234150124 0.16309843872822616 0.04168799042121374 0.3286298474355477] [0.029823141912447504 0.11732615292497861 0.3105511852835636 0.5422995198790103] [0.7046843410659249 0.0810970678650994 0.19217771973606723 0.02204087133290844] [0.14394704092981359 0.2614395672882084 0.33114534003395946 0.2634680517480186] [0.26594052657935985 0.2982264086120915 0.1276560070287872 0.30817705777976145] [0.5395816026245529 0.016120254402907652 0.17472069634966414 0.2695774466228753] [0.09408923310990813 0.7696424332108125 0.04460018376518449 0.09166814991409489] [0.20086234783710144 0.2287179862331954 0.37632519620142035 0.19409446972828281] [0.10047551266745003 0.22653891940845827 0.10639108861861701 0.5665944793054747] [0.3469747860817576 0.22242535869694413 0.14082050354464415 0.28977935167665414] [0.35400860355360175 0.039779534049010135 0.006286551315430766 0.5999253110819573] [0.629119677838435 0.259388159336605 0.0549768678229382 0.05651529500202179] [0.3760767889290414 0.2527790190891568 0.06117305972726583 0.309971132254536] [0.14759771039421077 0.5362818921150904 0.3159830179692309 1.3737952146797294E-4] [0.21347309912522172 0.0864111697938682 0.4385642620507413 0.2615514690301688] [0.32326904900118736 0.08742861610809527 0.5130620012193112 0.07624033367140615] [0.2546854736155706 0.042235779583352895 0.4872632095418027 0.21581553725927383] [0.1279585831137645 0.15631594215086198 0.2594085616372527 0.45631691309812084] [0.1480069628721974 0.5297856385616461 0.23048370289768216 0.09172369566847438] [0.21649874980818873 0.4584465215753861 0.04072337039839957 0.2843313582180256] [0.2110037379158919 0.029406624379850532 0.4201793868560354 0.3394102508482222] [0.30242185420469414 0.33087733741281167 0.1458307027482133 0.2208701056342809] [0.24683622093012725 0.007733519990653637 0.5565964922952155 0.18883376678400365] [0.8760050212661974 0.03610884579392282 0.05874113412282711 0.02914499881705268] [0.1461600318371199 0.162608695581955 0.5094356822315907 0.18179559034933435] [0.11987940282658438 0.4693083897249889 0.04828586231563137 0.36252634513279536] [0.11976083770310497 0.3429230959889418 0.19940398622311506 0.3379120800848382] [0.6060476818558447 0.005874222252073125 0.16034345800781513 0.22773463788426707] [0.6276548754255455 0.07413704448938041 0.07086879247710598 0.22733928760796807]]] [4743.674152209237 1 [109.57510235186906 99.32285446018487 122.90389885438715 109.81067356116186 107.91481851805582 108.90479853949735 122.37619938629864 109.75092411441551 103.182560603341 116.42142273255476 106.66479371001883 118.17027379600772 96.43196186338601 93.76168143612618 96.13805012210585 95.00417774322439 109.7748663482783 101.65710860759692 95.94237067630895 81.17116569163649 85.74347704041844 102.44732371870984 90.11540486803644 91.11966984148299 89.85216800743116 140.14912303935725 101.55531495794654 107.55790970619344 86.52892022677695 102.13730665046452 80.28136972659486 122.68749317418046 119.60767356514128 94.55012039706179 99.46052347867231 104.5488206966774 93.94997182613282 97.08581950225206 89.63241729031203 93.66732901690197 87.1021208676381 110.73574673806873 92.6889245633693 108.62383243404915 93.8905585884153 96.89898346247486 133.42903412700824 96.2952596918915 83.30586280280419 96.47181687708003] [[0.4737015441102113 0.3085848310667497 0.051814511215918665 0.16589911360712023] [0.03997768273003577 0.2909797375013021 0.463427835755184 0.20561474401347812] [0.4746508561046559 0.015616632836209204 0.31587885749306216 0.19385365356607273] [0.1617439589526638 0.01455364366634842 0.22985556989703465 0.5938468274839532] [0.18161235429749834 0.5080621298148178 0.2884235530887325 0.021901962798951444] [0.5892789513526665 0.33172642330428925 0.060563674890589274 0.018430950452455044] [0.5474014668360246 0.1808794529271762 0.18053982389697495 0.09117925633982417] [0.5779040419199891 0.07599784733460427 0.10584028861852673 0.2402578221268798] [0.5231692230910762 0.41792035935278604 0.04366649546392779 0.01524392209221014] [0.03284543800637531 0.17288200461049846 0.4148553568590814 0.3794172005240449] [0.21657685038919397 0.34266369663561447 0.10094298996545108 0.3398164630097405] [0.4239078918769546 0.4173234173647427 0.012440062446337939 0.14632862831196486] [0.1919128278833755 0.3982585580869913 0.026228117587070665 0.38360049644256256] [0.2798323383720407 0.1743665955617568 0.15423163419806551 0.3915694318681371] [0.35807809849439814 0.05729338917417774 0.06660288820633002 0.5180256241250942] [0.4626735362682026 0.1480522214943278 0.17574458609030094 0.2135296561471685] [0.5619041718550823 0.17655222300922813 0.049244722240281535 0.212298882895408] [0.45226854126430427 0.010743744883163495 0.035669790173035 0.5013179236794972] [0.733092447339528 1.521185857599073E-5 0.03132569535060746 0.23556664545128841] [0.36929482114714907 0.1507015703741489 0.08563391060498597 0.3943696978737161] [0.24686496314888293 0.06359484133586078 0.06626196145104397 0.6232782340642122] [0.04777282867817023 0.18656036520263852 0.2536895356663602 0.511977270452831] [0.2972612136539355 0.318548153935278 0.12829040418351156 0.25590022822727504] [0.27748955136890374 0.3166679449174643 0.3411972598007802 0.06464524391285176] [0.24187852879026392 0.552908338057091 0.06619214723162964 0.13902098592101544] [0.2602732967089839 0.19206613166964062 0.23880438845991128 0.3088561831614642] [0.0036840213550304876 0.774325383664211 0.06293822749450997 0.15905236748624865] [0.4423350525974853 0.3344968561265708 0.1803721579754967 0.042795933300447224] [0.1389949156426954 0.04811971185360375 0.16650500244330269 0.6463803700603982] [0.3634470118661512 0.17120638216049439 0.03443585359955017 0.43091075237380433] [0.25521316524155696 0.2763437243853675 0.0010746346701274077 0.4673684757029483] [0.7695011691575735 0.051480001554501664 0.1748492437284773 0.004169585559447581] [0.14012807858046505 0.6381853706898477 0.07984748649933006 0.14183906423035716] [0.2245143165441731 0.3158248525017914 0.17295707122051007 0.28670375973352547] [0.03134697940306172 0.42280378615734443 0.13173007096627523 0.4141191634733186] [0.1702798747595457 0.06421382377233974 0.01678317454054447 0.74872312692757] [0.6210110600324986 0.004798425148476837 0.2125910745165972 0.16159944030242734] [0.09849504988059346 0.13993169284155538 0.1080074919279678 0.6535657653498834] [0.023905274736860327 0.5907056771297309 0.08755479398392296 0.29783425414948583] [0.04919648519541661 0.1446071939065713 0.4191521301787474 0.38704419071926466] [0.30382232441370516 0.09818693798278168 0.5207076183615617 0.07728311924195153] [0.14037769249949625 0.5124030376564237 0.04713962957382012 0.3000796402702599] [0.06998471784270577 0.32024410308397944 0.08005741830231816 0.5297137607709966] [0.74104374761272 0.06643041953041202 0.04979980897813408 0.14272602387873395] [0.19954418254583456 0.08300690086504704 0.002397612024254596 0.7150513045648638] [0.06574245252958917 0.06424209862981196 0.2181752273247725 0.6518402215158263] [0.630574381820781 0.3300260348670552 0.03468635511395435 0.004713228198209518] [0.3407374799594942 0.1046638364577589 0.07486150728514984 0.47973717629759705] [0.1490743225657617 0.41763143377608414 0.33470757461679906 0.098586669041355] [0.0455562345525097 0.5772985713152566 0.2899955228949701 0.0871496712372635]]] [5203.927624798978 1 [118.1247332532162 87.499000999001 103.62966067102933 130.8419366990948 95.29466611819554 97.78671775223498 133.48138789117755 89.55177158582732 116.48954977859641 139.8628080439226 96.4383187573829 100.46911819779335 109.94924700145157 108.42205506911388 103.26818800520881 136.1235701576259 116.43472734821873 132.3824283113996 120.8191624317385 117.30022637161251 113.64160469484202 107.8615790794183 119.7672662142076 122.94841151979766 101.84274903840121 109.3654767412107 143.05253546602685 139.34656296326776 93.48134224450014 131.75500980824714 99.33776531472421 110.77591654742011 98.57715165937371 112.37390312683084 106.36066421378408 103.47570746857326 116.98881831192068 117.95256978754085 103.2890122700094 120.39624874609397 121.15616501375014 86.52287604609587 88.79741242589539 132.59252448744007 123.53244908525936 133.43251393269264 110.24168240689005 89.07024044193618 97.06452726017943 142.83003923982895] [[0.49044773955881804 0.3194938558689082 0.08693485499469754 0.10312354957757605] [0.04368637740801006 0.31797367337189353 0.5064196309449313 0.13192031827516507] [0.37060658236256044 0.012193440397297667 0.5255614026203865 0.09163857461975539] [0.1342259584885237 0.012077587214170737 0.36088262600631804 0.4928138282909875] [0.14050732217451786 0.39307044740813457 0.4556169552794032 0.010805275137944399] [0.5676232750849599 0.3195356603115982 0.09508744140896597 0.01775362319447593] [0.49351663829451814 0.16307413288666192 0.2922564577544522 0.05115277106436769] [0.5946798541874663 0.07820396725614347 0.1833702572427189 0.1437459213136714] [0.5123044253979496 0.40924129346779553 0.06892850174499757 0.009525779389257392] [0.02162010207478248 0.11379743469539054 0.7195338632246906 0.14504860000513628] [0.23660338911478 0.37434929820472834 0.18497847941973808 0.2040688332607537] [0.44650268980605684 0.43956725492268034 0.020721245520425105 0.09320880975083763] [0.23471849509543016 0.4870891145945756 0.03207823237831876 0.24611415793167546] [0.299318894203029 0.1865088819724007 0.2890605286562395 0.2251116951683307] [0.46514105295665 0.07442372901326462 0.1415941684999031 0.3188410495301823] [0.44007288112483844 0.14082017354062204 0.29875955458617176 0.12034739074836766] [0.6161828033797143 0.19360675568147181 0.05400164747219181 0.13620879346662212] [0.5956460231227066 0.014149710468943354 0.07534571062437555 0.31485855578397437] [0.7971479831581194 1.654102757154912E-5 0.05448444567834729 0.14835103013596185] [0.424216369690024 0.173113917200679 0.1631541935098583 0.23951551959943865] [0.3632064925504488 0.09356556301580139 0.15951550053499408 0.3837124438987557] [0.06573554344239652 0.25670757480206047 0.34907749769269375 0.3284793840628493] [0.2723229309058688 0.29182403532570755 0.20142117058071285 0.2344318631877108] [0.27748955136890374 0.3166679449174643 0.3411972598007802 0.06464524391285176] [0.23210498152563785 0.5305670587296787 0.10392437270346744 0.13340358704121602] [0.23975704221958846 0.17692636248873234 0.4205953402546437 0.16272125503703547] [0.0037722851841151925 0.7928771011308762 0.10521129789202849 0.09813931579298012] [0.39223669351656276 0.2966121270930846 0.28713818649602246 0.02401299289433009] [0.23005563848382357 0.07964471925430604 0.275588603156634 0.41471103910523643] [0.4492877306197169 0.21164275505676364 0.06822215075843155 0.2708473635650878] [0.2550566571369892 0.2761742580787535 0.0016872202919717694 0.4670818644922855] [0.6774441597620224 0.04532134296276234 0.27488247082959893 0.0023520264456161183] [0.14063578579450628 0.6404976218808804 0.13236563387149342 0.08650095845311989] [0.2568578808921097 0.3613226256362699 0.19787329148012367 0.1839462019914967] [0.03488130246319524 0.4704742539275728 0.25192817303724657 0.24271627057198547] [0.34192624249942616 0.12894296234362013 0.05343191242904811 0.4756988827279056] [0.6639121190770548 0.0051299128366428335 0.22727741881408023 0.1036805492722221] [0.14276806179167462 0.202830259941348 0.2640236838484965 0.39037799441848087] [0.027539477301285625 0.6805077860900314 0.10086532315903723 0.19108741344964578] [0.032021811400061065 0.09412429103369553 0.7276790886682439 0.1461748088979994] [0.11566590528810239 0.03738000850056333 0.8175322128586813 0.029421873352653005] [0.1565468852776375 0.5714234086886774 0.0849311380673264 0.18709856796635876] [0.098237588766952 0.44952683205086763 0.1123766442068565 0.3398589349753239] [0.7603147599801333 0.06815795780391766 0.08269149110450788 0.08883579111144119] [0.3776354047321554 0.15708974425517916 0.007133766402879247 0.4581410846097862] [0.055284471186160644 0.054022786099131914 0.34254401144927427 0.5481487312654332] [0.6316446360279668 0.33058617775024274 0.03474522718133117 0.0030239590404593022] [0.3407374799594942 0.1046638364577589 0.07486150728514984 0.47973717629759705] [0.10920386366137924 0.30593441828099577 0.5397494043976243 0.045112313660000646] [0.03494944438166492 0.4428870056532288 0.45530480675013774 0.06685874321496854]]] [5157.6605858111425 1 [115.54374462048986 108.56170302749491 135.19588149662357 91.56535875214202 99.2990292978233 146.4734470751199 111.77794572381397 95.57271639503979 114.45774350586944 126.27535899756498 108.73527837036083 107.60906644296435 125.86530386169815 124.28097211484855 112.89781945074115 130.4871651973604 107.97647132354905 104.07812292473324 103.84861136332769 131.90404472381056 108.14727656166183 109.58690246573785 123.97096364367067 113.86715295695714 98.09245327263102 99.37323510726937 107.06997696172924 91.7367254323776 106.7096035386862 124.616262901546 107.39476893853163 95.31105106787265 101.17836564027715 102.54651717320382 105.29607096233026 95.05676920128937 98.4087819665189 104.83973030674716 102.25813276727634 133.45329147771474 124.04791185810711 108.62679106938464 106.15343294397918 100.64028841658575 106.43583107809357 95.47875433540267 116.66294996757247 90.13765870393347 113.20339941388536 108.29316520365114] [[0.4805262663160703 0.2660082617907945 0.08517621331257269 0.16828925858056246] [0.03997768273003577 0.2909797375013021 0.463427835755184 0.20561474401347812] [0.34972056092669357 0.011506263024754992 0.4959426984651131 0.14283047758343836] [0.13440688536622084 0.010745939300718547 0.36136906966798915 0.49347810566507155] [0.14952206901969395 0.34759728946427254 0.48484868104749007 0.018031960468543398] [0.5970121789260862 0.284304368847335 0.10001062866137127 0.01867282356520764] [0.4885692853961318 0.14072430719346932 0.2893266764235931 0.08137973098680586] [0.5389100586443208 0.07086990467805743 0.16617357287026224 0.22404646380735949] [0.5481188977222564 0.36216301020445313 0.07374719507598831 0.015970896997302166] [0.019818864860132724 0.09165434951121028 0.6595872835481439 0.2289395020805131] [0.20271545607944808 0.32073246711516523 0.15848461410780612 0.31806746269758057] [0.4208639486355823 0.4143267550706552 0.019531405766360477 0.14527789052740203] [0.20591735440067102 0.35434745494308123 0.0281420718146124 0.4115931188416354] [0.25586289406205504 0.13901425269558954 0.24709386829060584 0.3580289849517495] [0.34571589758301763 0.048902860664227714 0.10523980789119293 0.5001414338615618] [0.4064393056127279 0.13005767000188784 0.27592617295753186 0.1875768514278524] [0.5751875524422669 0.1570859674387667 0.05040886449120712 0.21731761562775925] [0.4432511536122242 0.009357605189672831 0.05606865799069942 0.4913225832074035] [0.7195795161745436 1.3285130100719905E-5 0.049182701190484734 0.23122449750487087] [0.35599288840675014 0.12692718929268648 0.13691534969687466 0.38016457260368874] [0.23857600003720517 0.05429409203269097 0.10477943220215302 0.6023504757279508] [0.04898087681925226 0.1659906341255999 0.2601046712246562 0.5249238178304917] [0.2723229309058688 0.29182403532570755 0.20142117058071285 0.2344318631877108] [0.2916679824047224 0.2817528413766046 0.35863085971050923 0.06794831650816376] [0.26102911871979456 0.4720679144738735 0.1168750762779176 0.15002789052841434] [0.21813996598592983 0.14032838864848662 0.3826734446154782 0.25885820075010546] [0.004682325157643709 0.6625721056030621 0.1305928589552651 0.2021527102840291] [0.40448247585203634 0.26028107658937816 0.2961027525097435 0.03913369504884206] [0.13976964288849936 0.04281413941190047 0.16743306489335003 0.6499831528062501] [0.36396974860949216 0.14923269958503985 0.0552670312783643 0.4315305205271038] [0.26578654209987423 0.2457238984168274 0.0017581993436190236 0.48673136013967927] [0.680088321413308 0.04027120508308487 0.2759553765112031 0.00368509699240392] [0.1558429752296179 0.539732625003699 0.14667855755312054 0.15774584221356255] [0.2359413178736102 0.28100270645618874 0.18175998728035728 0.30129598838984384] [0.030622865229457383 0.3436522516589533 0.22117185843513718 0.4045530246764522] [0.16988551252133943 0.05657781600353031 0.026547561139649577 0.7469891103354808] [0.6213411985794767 0.004269361460215619 0.21270409103588067 0.16168534892442696] [0.09321092799377134 0.1159094607124476 0.1723767366104816 0.6185028746832996] [0.027709256217327487 0.5255757825187252 0.10148715069210207 0.34522781057184526] [0.029256421432092262 0.0757370951285633 0.6648370330904634 0.23016945034888095] [0.11616112635445919 0.033258571872376824 0.8210324593074899 0.029547842465674025] [0.15133749606655916 0.4430496444897111 0.08210489624496203 0.32350796319876757] [0.07362002075454452 0.2849347002947543 0.08421593997447553 0.5572293389762257] [0.7243646912074311 0.05734011583733989 0.0787815778046503 0.13951361515057867] [0.20125667712329595 0.07375356194250432 0.003801863129426632 0.7211878978047731] [0.055632574929151184 0.04806635381575531 0.3447008712322495 0.5516002000228439] [0.6648224302108005 0.29363809802814994 0.03657025652616513 0.004