"BehaviorSpace results (NetLogo 6.0.2)"
"basic.nlogo"
"GA"
"05/29/2018 22:52:53:568 -0700"
"min-pxcor","max-pxcor","min-pycor","max-pycor"
"0","106","0","15"
"[run number]","N","tau","percent-to-replace","num-variants","mutation-magnitude-sp","p","mem-size","mutation-probability","num-param-pop-mutations","mutation-magnitude","Ng","[step]","mutation-history"
"1","50","0","1","1","1","0","0","0.8","5","0.4","20","1","[[5057.299306197461 0 [[0.4136006506328491 0.2470436600813808 0.0074582428209105656 0.3318974464648595] [0.22994341981148736 0.4068750406370588 0.17085987004912528 0.19232166950232854] [0.17219384908301416 0.08819201641020258 0.6549341211751987 0.08468001333158459] [0.12019096149729747 0.34262454879213944 0.41806998841533094 0.11911450129523216] [0.22621894766417516 0.21965997005850812 0.3655614147739362 0.1885596675033805] [0.09945494297535562 0.5401752474162349 0.2548237550767122 0.1055460545316973] [0.8418398870207899 0.011758319973258269 0.07719378184579062 0.06920801116016118] [0.20907289293041864 0.34194526120983737 0.3218784779175978 0.12710336794214616] [0.01842633203523636 0.7177759046425937 0.135105984790712 0.12869177853145797] [0.3207661884344064 0.1621934158364361 0.3173830638684667 0.1996573318606908] [0.11687748413122356 0.09376641079925807 0.5781741819296031 0.21118192313991524] [0.04351540034477641 0.6662198003113592 0.2771772615120889 0.01308753783177552] [0.5424922567454272 0.023469187957920523 0.42753937292056177 0.006499182376090484] [0.1613079321906855 0.044167181773809516 0.7642391977444982 0.03028568829100675] [0.2948736660117466 0.1770176997409153 0.28031856431493973 0.24779006993239838] [0.4740967464176241 0.006977793094403162 0.07173996513086978 0.44718549535710295] [0.3692352989281912 0.296921274555048 0.1781857997147972 0.1556576268019636] [0.3783566730159248 0.2238447350824906 0.25351515061325014 0.14428344128833448] [0.11695135109193833 0.007159562532303987 0.23761985722889978 0.6382692291468579] [0.0665668601697248 0.017685422541512286 0.4827993454430459 0.432948371845717] [0.1232170641908319 0.24575705959912197 0.3847940775388251 0.24623179867122102] [0.050060785578960765 0.1738170559186869 0.7355806714567722 0.04054148704558014] [0.3171817634539311 0.3198894201680923 0.15271272978248307 0.2102160865954935] [0.027472952628000535 0.2838130853496659 0.61108482751299 0.07762913450934361] [0.16947295764283798 0.04797947434139982 0.0299805593793131 0.7525670086364491] [0.37468323909564927 0.4824226221613769 0.05402550898648861 0.08886862975648524] [0.35226220286990495 0.04927189980344571 0.5480026964773247 0.05046320084932465] [0.45254955597768876 0.11627123555404661 0.3020106584233069 0.12916855004495775] [0.008664258706300276 0.3369891506810314 0.16388323001218674 0.49046336060048157] [0.40407192948002235 0.1387457936738954 0.07508810432903412 0.38209417251704814] [0.1263966153673235 0.4014805541318913 0.1890464575505112 0.283076372950274] [0.21496166594418942 0.4923426356300957 0.263992012711432 0.028703685714282834] [0.8763090603034858 0.027249963901752494 0.019757943335425687 0.07668303245933605] [7.758980247463132E-5 0.513607156780339 0.3089797851547793 0.1773354682624071] [0.25568130016231605 0.012575285592893226 0.3464886179698079 0.3852547962749828] [0.009052131068027935 0.04141706075440821 0.3364631006938955 0.6130677074836683] [0.05259012328356749 0.12068531823411888 0.6959078148624152 0.13081674361989848] [0.1924208504214454 0.4365381265801077 0.03927092717934255 0.3317700958191043] [0.01010044218416195 0.09562609154357538 0.3808096815552572 0.5134637847170055] [0.20231290089474885 0.008824304603737732 0.6608615368565857 0.12800125764492776] [0.20320391987697606 0.30831792706322747 0.007456370985998717 0.48102178207379775] [0.542005332289737 0.37409913409280804 0.0246166028762691 0.05927893074118584] [0.44419188397209497 0.38509026871991303 0.10794365156469832 0.06277419574329368] [0.07232967122714618 0.8460875038153708 0.06544554382669632 0.016137281130786718] [0.6374950473939754 0.010231768692277488 0.09831565247363705 0.25395753144011] [0.33923821840752877 0.1314661760347896 0.09154916988733053 0.4377464356703511] [0.09723964885561875 0.48602615618685274 0.006514094244529645 0.41022010071299886] [0.559985311251255 0.27221095668602 0.1477484453036224 0.02005528675910262] [0.49920250226506935 0.2596888467609155 0.010357625325441044 0.23075102564857408] [0.1323946097391866 0.5442443156691624 0.13646073345094645 0.18690034114070453]]] [5364.9425494397 0 [[0.4589455370985751 0.29897228074361604 0.08135089735354628 0.16073128480426258] [0.03997768273003577 0.2909797375013021 0.463427835755184 0.20561474401347812] [0.34972056092669357 0.011506263024754992 0.4959426984651131 0.14283047758343836] [0.1342259584885237 0.012077587214170737 0.36088262600631804 0.4928138282909875] [0.13964993705113893 0.39067190511986116 0.4528367499963606 0.01684140783263932] [0.5676232750849599 0.3195356603115982 0.09508744140896597 0.01775362319447593] [0.4786539414577027 0.1581630089022774 0.28345489202565144 0.07972815761436847] [0.5389100586443208 0.07086990467805743 0.16617357287026224 0.22404646380735949] [0.5095520453638726 0.40704262504055 0.06855818007183534 0.01484714952374211] [0.019571050913236743 0.1030122513074041 0.6513398420719538 0.22607685570740532] [0.20271545607944808 0.32073246711516523 0.15848461410780612 0.31806746269758057] [0.4208639486355823 0.4143267550706552 0.019531405766360477 0.14527789052740203] [0.1919128278833755 0.3982585580869913 0.026228117587070665 0.38360049644256256] [0.25074353366013247 0.15624104268218653 0.2421499604624625 0.3508654631952185] [0.3435131041658086 0.05496295374152693 0.10456925279762685 0.4969546892950376] [0.4064393056127279 0.13005767000188784 0.27592617295753186 0.1875768514278524] [0.5619041718550823 0.17655222300922813 0.049244722240281535 0.212298882895408] [0.44273230254738527 0.010517209304029218 0.05600302638959587 0.49074746175898964] [0.7195783315099648 1.493143716457812E-5 0.04918262021958064 0.23122411683329003] [0.3495794555630276 0.1426561378798663 0.13444873469092433 0.37331567186618175] [0.23687866234570054 0.06102227207771316 0.1040339838773281 0.5980650816992582] [0.04777282867817023 0.18656036520263852 0.2536895356663602 0.511977270452831] [0.2723229309058688 0.29182403532570755 0.20142117058071285 0.2344318631877108] [0.27748955136890374 0.3166679449174643 0.3411972598007802 0.06464524391285176] [0.23210498152563785 0.5305670587296787 0.10392437270346744 0.13340358704121602] [0.21372737956822918 0.1577180277216731 0.37493263638488605 0.2536219563252117] [0.003542970937172818 0.7446787262759469 0.09881558591151995 0.15296271687536034] [0.38684564271920474 0.2925353768279957 0.2831916496858554 0.037427330766944156] [0.1389949156426954 0.04811971185360375 0.16650500244330269 0.6463803700603982] [0.35605816313161276 0.1677257700798609 0.05406569560764474 0.4221503711808816] [0.2550566571369892 0.2761742580787535 0.0016872202919717694 0.4670818644922855] [0.6765519615934651 0.045261654472419255 0.27452044890718863 0.0036659350269270252] [0.13319649361159303 0.6066168501788952 0.12536381267937247 0.1348228435301393] [0.2245143165441731 0.3158248525017914 0.17295707122051007 0.28670375973352547] [0.028635965059132573 0.386237994149067 0.2068215878153551 0.3783044529764453] [0.16862298321091462 0.06358899748524083 0.026350269012959893 0.7414377502908847] [0.6210110600324986 0.004798425148476837 0.2125910745165972 0.16159944030242734] [0.09169655099869911 0.13027308097752566 0.16957617051778073 0.6084541975059945] [0.023905274736860327 0.5907056771297309 0.08755479398392296 0.29783425414948583] [0.02895933736967915 0.08512251429728479 0.6580859515512654 0.2278321967817707] [0.11566590528810239 0.03738000850056333 0.8175322128586813 0.029421873352653005] [0.13641891629448621 0.4979528147133703 0.07401114237599671 0.2916171266161468] [0.06998471784270577 0.32024410308397944 0.08005741830231816 0.5297137607709966] [0.7189045252511076 0.06444576230295829 0.0781877326126692 0.13846197983326491] [0.19927080272766973 0.08289317962709664 0.003764348733619638 0.714071668911614] [0.055284471186160644 0.054022786099131914 0.34254401144927427 0.5481487312654332] [0.630574381820781 0.3300260348670552 0.03468635511395435 0.004713228198209518] [0.3407374799594942 0.1046638364577589 0.07486150728514984 0.47973717629759705] [0.10632179873107894 0.29786031880926334 0.5255045528199506 0.07031332963970716] [0.03494944438166492 0.4428870056532288 0.45530480675013774 0.06685874321496854]]] [4785.996369471172 0 [[0.04000415768659171 0.43630140660360206 0.23960235864485024 0.284092077064956] [0.28368090163752147 0.36566473264617383 0.2128778133309437 0.13777655238536102] [0.8045396079740698 0.04239810466069582 0.08362054855372092 0.0694417388115135] [0.7082269108132402 0.05026235442024496 0.2354596178256837 0.006051116940831158] [0.03333724167561969 0.2676596243320897 0.06153437946014695 0.6374687545321437] [0.15775964901801653 0.03495686044451751 0.4906135492064928 0.31666994133097315] [0.024354856709417172 0.14411153225206186 0.5530734438904453 0.27846016714807564] [0.15524101131823287 0.29438659228676456 0.12358136054378022 0.42679103585122236] [0.061241783044722164 0.14491774413310643 0.21631082729694073 0.5775296455252307] [0.08955133410292881 0.20827987893105848 0.06223204801274296 0.6399367389532697] [0.18746584254187992 0.007700281267351783 0.726140031887654 0.07869384430311432] [0.4263081512851342 0.23535779586642758 0.21139961352454906 0.12693443932388915] [0.6538910283620044 0.0885359267819168 0.006458762605972557 0.25111428225010624] [0.10317755876195256 0.280333159609234 0.5102457726030245 0.10624350902578894] [0.37038882998364864 0.3784599968512655 0.19034375485585098 0.06080741830923486] [0.3551461278363601 0.18579560151434016 0.408213021086796 0.05084524956250369] [0.017494581126889175 0.15392172830862805 0.18624441560806082 0.642339274956422] [0.014561507959113817 0.12608616469767708 0.4722703113141421 0.387082016029067] [0.21882516995359858 0.3170933065401672 0.014451246633002457 0.44963027687323176] [0.17456177651423732 0.07413442008327231 0.3938410423623393 0.35746276104015107] [0.47717435636559213 0.15480328714274738 0.03272013229752746 0.335302224194133] [0.1747730100794047 0.256904574055527 0.4924486910396769 0.07587372482539134] [0.15277453160581866 0.10820296133115048 0.37029416697312756 0.3687283400899033] [0.2765923358587381 0.049683903901519 0.6450335985597555 0.02869016167998739] [0.28771627383313414 0.02531009141170215 0.20781805158060618 0.47915558317455753] [0.04710533616927848 0.12140223039557496 0.41510694042928864 0.4163854930058579] [0.15964511942099313 0.060120064660984296 0.6662621430339013 0.11397267288412127] [0.4804357542979095 0.1760374383146709 0.25124766164005174 0.09227914574736784] [0.6203391358334105 0.1494958355157866 0.0183018360990006 0.2118631925518023] [0.7628091187551169 0.06949727902420555 0.08594518895682324 0.08174841326385429] [0.21353214432160084 0.16615827334501532 0.3192259202191684 0.30108366211421544] [0.4453381398239675 0.040546547550220025 0.3193693795223108 0.19474593310350163] [0.03905287768918764 0.13455070463490226 0.2736074212887061 0.552788996387204] [0.09447497809848826 0.44041579333412895 0.28512367172809006 0.17998555683929274] [0.11244565743474577 0.05552213611298007 0.4989898762245949 0.33304233022767926] [0.06405396876503688 0.24963105248090567 0.4816831373366688 0.20463184141738866] [0.005113167859391421 0.06245693138142594 0.37985318227093745 0.5525767184882452] [0.03184822583881797 0.33300386767692414 0.2557318563302674 0.3794160501539905] [0.10946083214918056 0.45965066496352114 0.29288624486211234 0.13800225802518595] [0.37313639592693915 0.3529096962675373 0.13006033541612072 0.1438935723894028] [0.22016747864400188 0.4667433176994028 0.2620285815719383 0.051060622084657004] [0.37197993176566846 0.238305997541305 0.31784566673179504 0.07186840396123151] [0.2936627863664407 0.3065365651902311 0.3867977566831571 0.01300289176017111] [0.11754994522578466 0.2206711805491962 0.07563833774629503 0.5861405364787241] [0.07329337011926684 0.12946115547519854 0.05258017008226901 0.7446653043232656] [0.6644431141979336 0.10899619335449184 0.08274060218432144 0.14382009026325315] [0.09970430808607411 0.013006953761797946 0.4359929664806277 0.45129577167150026] [0.1494278817339404 0.12918790955732506 0.1922192132228342 0.5291649954859003] [0.10214484258805112 0.019457251236211448 0.2159085596141025 0.6624893465616349] [0.5220173894890356 0.004061017919160914 0.10201539689713068 0.37190619569467276]]] [4530.936905353781 0 [[0.4410919176685172 0.1280793744191917 0.4032098256618859 0.027618882250405208] [0.10192129054677546 0.03162107031305417 0.06946690706513581 0.7969907320750346] [0.216069249479928 0.3050954339542079 0.3200859682944084 0.1587493482714557] [0.008059367208129053 0.13529566930021375 0.684366883460391 0.1722780800312662] [0.22975041256310702 0.5300310073653078 0.013103971727656427 0.22711460834392871] [0.09694331327137973 0.14574498448253304 0.716969615201297 0.040342087044790254] [0.08518882501303637 0.31879024845589 0.4259782320890678 0.17004269444200582] [0.5460522306466995 0.2632720869858195 0.09016137508073652 0.10051430728674449] [0.12492949578417678 0.3203061588922713 0.10416152825308245 0.45060281707046945] [0.16047311196752456 0.14932147470897084 0.37870437499127296 0.31150103833223164] [0.4685145441194126 0.3002690076870109 0.006354269654129108 0.22486217853944734] [0.6917987556512889 0.0023423309826838823 0.08119988592204441 0.2246590274439828] [0.06388575092025917 0.4640268846246759 0.3363670587565948 0.13572030569847016] [0.42717859467538544 0.05047372783373927 0.4852942358470428 0.03705344164383251] [0.40383043970397603 0.2876435193771486 0.08958139253385144 0.21894464838502392] [0.007634828208257227 0.053925876976779086 0.7853943201018949 0.15304497471306877] [0.11294426043535333 0.7004798421223237 0.143758434092641 0.04281746334968195] [0.5450592291816343 0.22888509828877146 0.22305125739677178 0.0030044151328224578] [0.10028925888835583 0.15385645977734008 0.3530730299395377 0.3927812513947664] [0.13067960874397055 0.2606204774570936 0.13066983954102362 0.4780300742579122] [0.32723288855772525 0.01671884382583788 0.5248029077032992 0.13124535991313768] [0.055608365742725874 0.37442070717336895 0.43332567729076055 0.13664524979314463] [0.6532450748695706 0.20195754706742963 0.0029728956645214133 0.14182448239847834] [0.1355949427629588 0.48976188347356764 0.08241834317697527 0.2922248305864983] [0.4956988693771154 0.22064952534956372 0.17874057097213836 0.10491103430118254] [0.0907250921674827 0.04426024355731395 0.7791995268808001 0.08581513739440327] [0.6394584424283333 0.03394175037397218 0.2072269198597756 0.11937288733791895] [0.17487384951240859 0.41609504956518406 0.009853635309232 0.39917746561317535] [0.17910408072968564 0.44463916295437056 0.08656438124231025 0.28969237507363355] [0.25929138090117276 0.018016726884111933 0.40052097067315307 0.32217092154156224] [0.08949838124686671 0.07156587802291947 0.2928368674270405 0.5460988733031733] [0.01054877981006297 0.5646384721326719 0.3196746283880454 0.10513811966921971] [0.20365325271685963 0.3460486479632938 0.20785036294838222 0.24244773637146433] [0.6328801360021364 0.024531610998989706 0.108193955033414 0.23439429796545985] [0.09569485847838377 0.04487112186239173 0.4724177748500904 0.3870162448091341] [0.11742011173833855 0.19752840852563314 0.4377944577048558 0.2472570220311725] [0.09887803155579178 0.5432673668323706 0.09954234548242702 0.25831225612941056] [0.021910728629878973 0.07886047287564912 0.8892761997420603 0.009952598752411612] [0.40992624882667406 0.306824320452621 0.12111659534141561 0.16213283537928935] [0.897863643726612 0.03222508029375937 0.018743243366552198 0.05116803261307645] [0.6063674073721594 0.10385265556478884 0.1474624988615586 0.14231743820149312] [0.14457358946611842 0.21218225182724115 0.03722070534884847 0.606023453357792] [0.038498499929512375 0.46323894027943713 0.4171800014495576 0.08108255834149292] [0.31096606905081126 0.08710980613324704 0.5346365317318522 0.06728759308408949] [0.07148879418909904 0.2573454886284623 0.35206035836132143 0.31910535882111724] [0.32239543692373396 0.0683851283908753 0.5120043638104906 0.09721507087490011] [0.4822585509728957 0.3599704105213176 0.019611030755123715 0.13816000775066295] [0.01020176731361866 0.16018471874574647 0.4065138501507214 0.4230996637899135] [0.020202663570986656 0.06181519526478574 0.12232079162063902 0.7956613495435886] [0.14937459579542622 0.04336422475324131 0.5740631311004697 0.23319804835086277]]] [4705.952889847555 0 [[0.021078757833075668 0.11309980717330725 0.2579766848948085 0.6078447500988086] [0.2616620569588368 0.051782555885027226 0.6111550504538662 0.07540033670226975] [0.03658966791191576 0.3895688590698556 0.016560516325943353 0.5572809566922853] [0.5991501601860759 0.05911914701808485 0.1463266626697386 0.19540403012610064] [0.07904784610687698 0.42562282743217006 0.24850783547436128 0.24682149098659167] [0.6769248146366248 0.18738288015469706 0.1034905949208269 0.03220171028785124] [0.1168269459417477 0.06796992792620793 0.02155676136596618 0.7936463647660782] [0.10832536672789683 0.2314066456879793 0.5816603208816555 0.07860766670246833] [0.26578281993971387 0.3085679468617867 0.13259335312879816 0.2930558800697013] [0.7565903744732234 0.12340780608432256 0.10268228530225265 0.017319534140201376] [0.239008992732483 0.6248508486094558 0.07417918087220032 0.06196097778586085] [0.7839043198220377 0.04014146189534551 0.16897445109350917 0.006979767189107644] [0.5416323368855556 0.04871445525679241 0.39040982382311784 0.019243384034534183] [0.4494317444155499 0.025529510064686955 0.4029710777590182 0.12206766776074496] [0.05909938860206332 0.11346587122814644 0.144573629623178 0.6828611105466122] [0.19781776285619113 0.015694863416721994 0.5532977704915839 0.23318960323550297] [0.22713992405146588 0.4203923335453722 0.06448977808014478 0.28797796432301714] [0.15779462638973318 0.1695134889702482 0.493867300476297 0.1788245841637216] [0.1356663302744483 0.29437911955823903 0.15687150043779852 0.41308304972951415] [0.02987095465239553 0.5708469849620053 0.13959598915190574 0.25968607123369347] [0.6732748507298837 0.15745725357398588 0.05539331585623719 0.11387457983989324] [0.4665837234150124 0.16309843872822616 0.04168799042121374 0.3286298474355477] [0.029823141912447504 0.11732615292497861 0.3105511852835636 0.5422995198790103] [0.7046843410659249 0.0810970678650994 0.19217771973606723 0.02204087133290844] [0.14394704092981359 0.2614395672882084 0.33114534003395946 0.2634680517480186] [0.26594052657935985 0.2982264086120915 0.1276560070287872 0.30817705777976145] [0.5395816026245529 0.016120254402907652 0.17472069634966414 0.2695774466228753] [0.09408923310990813 0.7696424332108125 0.04460018376518449 0.09166814991409489] [0.20086234783710144 0.2287179862331954 0.37632519620142035 0.19409446972828281] [0.10047551266745003 0.22653891940845827 0.10639108861861701 0.5665944793054747] [0.3469747860817576 0.22242535869694413 0.14082050354464415 0.28977935167665414] [0.35400860355360175 0.039779534049010135 0.006286551315430766 0.5999253110819573] [0.629119677838435 0.259388159336605 0.0549768678229382 0.05651529500202179] [0.3760767889290414 0.2527790190891568 0.06117305972726583 0.309971132254536] [0.14759771039421077 0.5362818921150904 0.3159830179692309 1.3737952146797294E-4] [0.21347309912522172 0.0864111697938682 0.4385642620507413 0.2615514690301688] [0.32326904900118736 0.08742861610809527 0.5130620012193112 0.07624033367140615] [0.2546854736155706 0.042235779583352895 0.4872632095418027 0.21581553725927383] [0.1279585831137645 0.15631594215086198 0.2594085616372527 0.45631691309812084] [0.1480069628721974 0.5297856385616461 0.23048370289768216 0.09172369566847438] [0.21649874980818873 0.4584465215753861 0.04072337039839957 0.2843313582180256] [0.2110037379158919 0.029406624379850532 0.4201793868560354 0.3394102508482222] [0.30242185420469414 0.33087733741281167 0.1458307027482133 0.2208701056342809] [0.24683622093012725 0.007733519990653637 0.5565964922952155 0.18883376678400365] [0.8760050212661974 0.03610884579392282 0.05874113412282711 0.02914499881705268] [0.1461600318371199 0.162608695581955 0.5094356822315907 0.18179559034933435] [0.11987940282658438 0.4693083897249889 0.04828586231563137 0.36252634513279536] [0.11976083770310497 0.3429230959889418 0.19940398622311506 0.3379120800848382] [0.6060476818558447 0.005874222252073125 0.16034345800781513 0.22773463788426707] [0.6276548754255455 0.07413704448938041 0.07086879247710598 0.22733928760796807]]] [4931.922727002219 1 [[0.5068890094226971 0.22573983737116432 0.08984917041764302 0.17752198278849549] [0.04399646352349257 0.21970504576033548 0.5100141999039727 0.22628429081219933] [0.34972056092669357 0.011506263024754992 0.4959426984651131 0.14283047758343836] [0.13462790332857713 0.009119215222166287 0.36196330303050617 0.4942895784187505] [0.16158173931066577 0.2949778892808728 0.5239540470498502 0.019486324358611216] [0.6329132883992947 0.24126627329335787 0.10602473131253481 0.019795706994812555] [0.5006817428774455 0.11942141197481733 0.29649957322890325 0.08339727191883399] [0.5489787774153835 0.053510515144558964 0.16927827456505404 0.22823243287500355] [0.5952316718509003 0.30733864608198336 0.08008602951259378 0.01734365255452254] [0.02012159121170391 0.0777796817803065 0.6696622526899407 0.2324364743180489] [0.22616106576215594 0.24216992554008107 0.176814584969179 0.3548544237285839] [0.4937932275216185 0.312838548361541 0.022915899360523396 0.17045232475631708] [0.22302510507881304 0.30070621233052724 0.030480133847178938 0.4457885487434807] [0.25074353366013247 0.15624104268218653 0.2421499604624625 0.3508654631952185] [0.34840680187960504 0.04149992838195937 0.10605894942678992 0.5040343203116455] [0.4213231049593078 0.09820039905397024 0.2860305839632006 0.19444591202352124] [0.591414360465214 0.13330623832581415 0.05183096579239214 0.22344843541657972] [0.44273230254738527 0.010517209304029218 0.05600302638959587 0.49074746175898964] [0.7195809633456585 1.127402242397215E-5 0.04918280010350674 0.23122496252841074] [0.3638274560335749 0.10771290664439649 0.13992853507580538 0.3885311022462232] [0.240649446076742 0.04607503324582391 0.10569006235225444 0.6075854583251796] [0.05045661299493095 0.14086291343130783 0.26794131886585076 0.5407391547079105] [0.2723229309058688 0.29182403532570755 0.20142117058071285 0.2344318631877108] [0.30898817262096834 0.23910099695038575 0.37992752263658447 0.07198330779206144] [0.23210498152563785 0.5305670587296787 0.10392437270346744 0.13340358704121602] [0.22353032518061944 0.11908542771870836 0.3921295170569658 0.26525473004370653] [0.006074145717505745 0.5622717067454674 0.1694115697336872 0.2622425778033396] [0.4260274058870394 0.2208796354839799 0.311874790773097 0.0412181678558837] [0.14071603979441472 0.03633291989866772 0.1685667741258291 0.6543842661810884] [0.35605816313161276 0.1677257700798609 0.05406569560764474 0.4221503711808816] [0.2788940324904621 0.2085261280736007 0.0018449064463156091 0.5107349329896216] [0.6844082933903226 0.03417493586475885 0.27770826574029256 0.003708505004626043] [0.18350762785316954 0.45802771001176096 0.17271637758351946 0.18574828455155012] [0.24990039671154013 0.23846441771859378 0.192513517077062 0.31912166849280416] [0.028635965059132573 0.386237994149067 0.2068215878153551 0.3783044529764453] [0.17142780219746087 0.04801304627710091 0.02678857068110027 0.7537705808443379] [0.621744491610767 0.0036230640177099286 0.21284215057199035 0.16179029379953266] [0.09169655099869911 0.13027308097752566 0.16957617051778073 0.6084541975059945] [0.03235615139594931 0.44601393533148237 0.11850673965343582 0.40312317361913247] [0.02895933736967915 0.08512251429728479 0.6580859515512654 0.2278321967817707] [0.11676608208240424 0.02822387754096192 0.8253083156518168 0.029701724724817094] [0.16956184252321368 0.37598063316212627 0.09199212256921532 0.3624654017454448] [0.07806086034868964 0.2418011849441181 0.08929593692182376 0.5908420177853686] [0.7189045252511076 0.06444576230295829 0.0781877326126692 0.13846197983326491] [0.2036825959143755 0.06258872174255596 0.003847690236077798 0.7298809921069906] [0.056057814014375186 0.04079005223502024 0.3473356635880841 0.5558164701625204] [0.7066594085867424 0.24918705926127915 0.03887160642346431 0.005281925728514161] [0.3407374799594942 0.1046638364577589 0.07486150728514984 0.47973717629759705] [0.10632179873107894 0.29786031880926334 0.5255045528199506 0.07031332963970716] [0.04175498336006822 0.33440304359084505 0.5439641449517494 0.07987782809733741]]] [5364.710355468326 1 [[0.4653496908415809 0.30314415800574956 0.06853201229277156 0.1629741388598981] [0.04541844186304691 0.3305805986873346 0.3904030953556815 0.233597864093937] [0.4039407044145519 0.013290176531464788 0.41779442161543423 0.16497469743854912] [0.14616885777919805 0.013152203550663578 0.30401646897917767 0.5366624696909607] [0.13964993705113893 0.39067190511986116 0.4528367499963606 0.01684140783263932] [0.5770219071212409 0.32482649003187225 0.08010401747883583 0.018047585368050807] [0.4786539414577027 0.1581630089022774 0.28345489202565144 0.07972815761436847] [0.5558335707945014 0.07309544801996194 0.13998873656163968 0.23108224462389704] [0.5154619435932564 0.4117635961580206 0.05775511017455605 0.015019350074166948] [0.02533217692256926 0.13333594536542714 0.5487048270611505 0.2926270506508531] [0.20873134507855434 0.3302506901352103 0.13351136712172795 0.32750659766450735] [0.4221850296358393 0.4156273159901554 0.016453740322717854 0.14573391405128755] [0.19272734797687713 0.39994885467398117 0.022095216345084715 0.38522858100405705] [0.26336816696563486 0.16410758999584743 0.20399312861893354 0.36853111441958414] [0.3498343577998532 0.05597437009468227 0.08809173040868125 0.5060995416967832] [0.43084513968784827 0.1378673622989397 0.23244704720148562 0.19884045081172633] [0.5664902463969611 0.1779931834003596 0.04148497459417364 0.21403159560850565] [0.4468710603309099 0.010615526462315518 0.04717833752078318 0.4953350756859915] [0.7254435005496015 1.5053140944611627E-5 0.04143265831267544 0.23310878799677848] [0.35813598662191853 0.14614788104464854 0.11326294654799338 0.3824531857854395] [0.24121274849902438 0.06213877527744164 0.087640806603054 0.60900766962048] [0.05033172025771561 0.19655323689985255 0.2137143527904381 0.5394006900519938] [0.2831462245434514 0.3034223873790136 0.16968218651936123 0.24374920155817378] [0.27748955136890374 0.3166679449174643 0.3411972598007802 0.06464524391285176] [0.23210498152563785 0.5305670587296787 0.10392437270346744 0.13340358704121602] [0.21372737956822918 0.1577180277216731 0.37493263638488605 0.2536219563252117] [0.003604187264920791 0.7575454694084853 0.08324469881352206 0.1556056445130718] [0.41092822221980674 0.31074679164367824 0.2385676648794246 0.0397573212570904] [0.14337024860322248 0.049634441801462835 0.1402679410487775 0.6667273685465372] [0.35926494686670335 0.16923636673833106 0.04554628205141531 0.42595240434355036] [0.25512458214968997 0.27624780699215257 0.0014213561933743362 0.4672062546647831] [0.6765519615934651 0.045261654472419255 0.27452044890718863 0.0036659350269270252] [0.13620482342523152 0.6203176879890118 0.10560958306671885 0.13786790551903788] [0.23191279162111156 0.32623230595900793 0.1457033237075787 0.2961515787123018] [0.02981255386424259 0.4021076636044364 0.1742316318524859 0.39384815067883516] [0.16934207938676712 0.06386017407129811 0.022198119733897244 0.7445996268080375] [0.6474310065581066 0.005002566658973052 0.1790919904520247 0.16847443633089562] [0.09464712102939715 0.13446494909418405 0.14285516915664448 0.6280327607197743] [0.02426673019041611 0.5996373372254703 0.07375832858389142 0.30233760400022214] [0.037742323572773 0.1109390535054122 0.5543879168954928 0.296930706026322] [0.19732638666789337 0.0637704083382125 0.6887093994535455 0.05019380554034864] [0.13641891629448621 0.4979528147133703 0.07401114237599671 0.2916171266161468] [0.07094441007755985 0.32463557294284573 0.06744235347986427 0.5369776634997302] [0.7285130178224752 0.06530710982073586 0.065867283912902 0.14031258844388686] [0.1993894504339484 0.0829425350042732 0.0031711806762934765 0.7144968338854849] [0.059823268186730484 0.058458000079627516 0.2885675655356935 0.5931511661979485] [0.630574381820781 0.3300260348670552 0.03468635511395435 0.004713228198209518] [0.34508217830536314 0.10599839113364715 0.0630651892532277 0.485854241307762] [0.10632179873107894 0.29786031880926334 0.5255045528199506 0.07031332963970716] [0.03955282488428505 0.5012220505375893 0.3835600543845532 0.07566507019357244]]] [4224.242295440947 1 [[0.3878938515030248 0.2526868660787875 0.06875655245976738 0.29066272995842035] [0.03161290224962717 0.23009622794719217 0.3664619325341221 0.3718289372690585] [0.34972056092669357 0.011506263024754992 0.4959426984651131 0.14283047758343836] [0.1342259584885237 0.012077587214170737 0.36088262600631804 0.4928138282909875] [0.1377161466027567 0.3852621096374942 0.4465661321907919 0.03045561156895729] [0.5593297223516653 0.3148669196780051 0.09369811728464905 0.03210524068568047] [0.44513185156306334 0.14708620759926902 0.26360338857281956 0.1441785522648481] [0.41312399706146596 0.05432828321225974 0.12738728759831244 0.4051604321279619] [0.5095520453638726 0.40704262504055 0.06855818007183534 0.01484714952374211] [0.01494951567032528 0.07868679469399197 0.4975315438567568 0.40883214577892585] [0.12628287119754356 0.19980231215177238 0.09872898937871145 0.5751858272719726] [0.4208639486355823 0.4143267550706552 0.019531405766360477 0.14527789052740203] [0.1919128278833755 0.3982585580869913 0.026228117587070665 0.38360049644256256] [0.14118417033180206 0.08797340318558117 0.13634545531335948 0.6344969711692573] [0.06918718082679977 0.011070121556278486 0.021061356071996 0.8986813415449257] [0.3305804117542237 0.10578336668547007 0.2244265911549957 0.3392096304053105] [0.5619041718550823 0.17655222300922813 0.049244722240281535 0.212298882895408] [0.09784284247628885 0.0023242795867919617 0.012376542795058895 0.8874563351418603] [0.5446237546794492 1.130108428121865E-5 0.037224610742173904 0.4181403334940957] [0.18123952558301662 0.07396009788164123 0.06970496836369909 0.675095408171643] [0 0 0 1] [0.0072587991121082635 0.028346745435785945 0.03854662633966234 0.9258478291124435] [0.20491191770216924 0.2195857047780019 0.1515612298685793 0.42394114765124963] [0.27748955136890374 0.3166679449174643 0.3411972598007802 0.06464524391285176] [0.20322154031039555 0.4645426143130475 0.09099189064262907 0.24124395473392793] [0.1550187413643862 0.11439456281773241 0.2719426285309491 0.4586440672869323] [0.003025763805484403 0.6359696358327989 0.08439036858354772 0.27661423177816896] [0.37468638982992053 0.28334046487057823 0.27429042784331464 0.06768271745618663] [0 0 0 1] [0.14578340771621562 0.06867314628882792 0.022136499489036107 0.7634069465059203] [0.0743463094939489 0.08050186611814973 4.918068142955067E-4 0.8446600175736059] [0.6745396520147532 0.045127029985293866 0.2737039260674837 0.006629391932469305] [0.11641753188976205 0.5302004173360755 0.10957154550165076 0.2438105052725117] [0.15156498012906716 0.21320683790016381 0.11675974818096121 0.5184684337898078] [0.014549910275134208 0.19624720689916103 0.10508587852584009 0.6841170042998647] [0 0 0 1] [0.5242498077741244 0.004050770789131939 0.17946673919783043 0.29223268223891313] [0 0 0 1] [0.015708507595770183 0.388161387735452 0.0575335427633401 0.5385965619054377] [0.02205207613212454 0.06481944465369448 0.5011220153222349 0.41200646389194606] [0.11283151901521114 0.03646401356920777 0.7974986335943222 0.05320583382125887] [0.09102126114092265 0.3322434631135907 0.04938162316875026 0.5273536525767364] [0.006261741501142284 0.028653195334501797 0.007162976062640251 0.9579220871017157] [0.6255057547328264 0.056073085886563144 0.0680297243666025 0.250391435014008] [0 0 0 1] [0.0010694140754268098 0.001045008238455317 0.006626117233960581 0.9912594604521573] [0.6281604755063811 0.3287626598355774 0.034553572029124104 0.008523292628917344] [0.08674881190451612 0.026646506463446584 0.019059091518608493 0.8675455901134288] [0.10632179873107894 0.29786031880926334 0.5255045528199506 0.07031332963970716] [0.03494944438166492 0.4428870056532288 0.45530480675013774 0.06685874321496854]]] [4749.147230091402 1 [[0.47184382298278255 0.30737465016824 0.05553302182061664 0.1652485050283609] [0.05093564369425105 0.3707378522086681 0.31635235691904634 0.2619741471780345] [0.45892264124104115 0.015099154033558689 0.3385481610110111 0.18743004371438912] [0.15827955487597037 0.014241918253078445 0.2463513421074348 0.5811271847635164] [0.17632945703300984 0.4932831790866521 0.30912250432144467 0.02126485955889338] [0.5865525899935566 0.3301916559411983 0.06491007635333138 0.018345677711913578] [0.5387464336517055 0.17801954523183353 0.19349641142384819 0.08973760969261284] [0.572994858391092 0.07535226025906287 0.11343600314707317 0.23821687820277193] [0.5214548759279289 0.4165508969477829 0.04680025708093839 0.015193970043349903] [0.03117424678661336 0.16408568750540065 0.4446277894787356 0.3601122762292504] [0.2148317573538945 0.3399026442453234 0.1081872458668969 0.3370783525338852] [0.42352467183201065 0.41694614979831324 0.013332833661278992 0.14619634470839707] [0.19355331208253912 0.401662899938076 0.017904247816056828 0.38687954016332815] [0.25074353366013247 0.15624104268218653 0.2421499604624625 0.3508654631952185] [0.35624442508506965 0.0569999968536177 0.07138269873212463 0.5153728793291881] [0.45559387587694644 0.14578678081923527 0.18835703946985274 0.21026230383396563] [0.5619041718550823 0.17655222300922813 0.049244722240281535 0.212298882895408] [0.45106796768591984 0.010715224977260752 0.03822966172085406 0.4999871456159653] [0.7313910752491446 1.5176554663478774E-5 0.033573809394863555 0.2350199388013283] [0.3668127369931009 0.14968868322167297 0.09177949795559227 0.39171908182963394] [0.2456077285885915 0.06327096535376982 0.0710173050905319 0.6201040009671066] [0.05292656427917979 0.2066865085038731 0.17317751835724463 0.5672094088597025] [0.29412158552104395 0.3151836963476824 0.13749726954309088 0.25319744858818277] [0.32309901105906835 0.3687169456730974 0.23291340956333476 0.07527063370449953] [0.24064807903315125 0.5500956620677401 0.07094248059679173 0.13831377830231686] [0.2544133554931967 0.1877418454083951 0.2559423799240434 0.3019024191743647] [0.0036662636824378795 0.7705929903585971 0.06745504065914573 0.15828570529981933] [0.4353491621056909 0.32921407694588467 0.19331671282093701 0.04212004812748736] [0.14780705501787952 0.05117045371410245 0.11366224878554061 0.6873602424824774] [0.3625167859323532 0.17076818728884122 0.036907170684027726 0.42980785609477773] [0.25519346150922334 0.2763223892682225 0.0011517567026096361 0.46733239251994446] [0.6765519615934651 0.045261654472419255 0.27452044890718863 0.0036659350269270252] [0.13925542029065216 0.6342110226518846 0.0855778064104637 0.14095575064699958] [0.23941521531690418 0.3367859841992259 0.11806666087992247 0.3057321396039474] [0.03100567374906547 0.41820030201008307 0.14118378681441818 0.4096102374264334] [0.1700712788681692 0.06413516069000309 0.0179876327327572 0.7478059277090706] [0.6742221534896062 0.005209576358906446 0.14512224405701513 0.17544602609447224] [0.0976391465865833 0.13871571298282437 0.11575873756738606 0.6478864028632062] [0.024633264095245123 0.6086944871987009 0.05976802276289622 0.30690422594315764] [0.046648710784281774 0.13711831524303011 0.4492329242357715 0.3670000497369165] [0.2801341982969755 0.09053159345061165 0.558076624753532 0.07125758349888081] [0.1398792987139003 0.5105838134966494 0.05052264348938767 0.29901424430006257] [0.07191758599402409 0.3290887429793597 0.05465004692159138 0.5443436241050249] [0.7189045252511076 0.06444576230295829 0.0781877326126692 0.13846197983326491] [0.19927080272766973 0.08289317962709664 0.003764348733619638 0.714071668911614] [0.06442583531216556 0.06295552884293996 0.23383275023585054 0.6387858856090438] [0.6377653058190079 0.33378957522420166 0.023678142197369564 0.004766976759420902] [0.34948791968884385 0.10735169631067264 0.05110313288276532 0.4920572511177182] [0.1436919541028053 0.40255273866878916 0.3587281363567104 0.09502717087169515] [0.04422088291035852 0.5603767031496866 0.3108072878213289 0.08459512611862607]]] [4957.146635354481 1 [[0.20516415143806102 0.4392051128957142 0.11950850415785541 0.23612223150836945] [0.017871374031917305 0.29768008996851714 0.4740991280910102 0.21034940790855544] [0.15633689909388285 0.01492805855454992 0.6434288549167203 0.18530618743484695] [0.06000353560109577 0.013112993385629728 0.3918209327652086 0.535062538248066] [0.062428237159917487 0.4257371069630449 0.493481628300988 0.01835302757604956] [0.25374676983575456 0.5514971202648579 0.1641145468998995 0.030641562999488094] [0.2139744736433952 0.23845996394441094 0.42736063129695845 0.12020493111523538] [0.2409109925813484 0.1166726071701986 0.2735703410020716 0.3688460592463814] [0.22778696936789947 0.6408908755919096 0.10794523559012813 0.02337691945006288] [0.008748920577264225 0.1041493168855769 0.658529434617625 0.22857232791953386] [0.09062065358092054 0.3658260824753076 0.180766874127687 0.36278638981608485] [0.4208639486355823 0.4143267550706552 0.019531405766360477 0.14527789052740203] [0.1919128278833755 0.3982585580869913 0.026228117587070665 0.38360049644256256] [0.11209082593369375 0.1851540312236303 0.2869607151269952 0.41579442771568076] [0.15356195632619257 0.0708662051515835 0.13482583480053253 0.6407460037216914] [0.18169209308423837 0.17930301100454374 0.3804035058103673 0.2586013901008506] [0.5619041718550823 0.17655222300922813 0.049244722240281535 0.212298882895408] [0.19791628815173246 0.015137576276934997 0.08060599149499971 0.7063401440763328] [0.32167581083972596 3.6118303775159035E-5 0.11896998245843561 0.5593180883980633] [0.15627382023188344 0.1850536845173666 0.17440703290457502 0.484265462346175] [0.23687866234570054 0.06102227207771316 0.1040339838773281 0.5980650816992582] [0.0213560674748374 0.19173593755132862 0.26072741075049555 0.5261805842233384] [0.12173754513365712 0.3522140583229014 0.2431032380290462 0.28294515851439533] [0.12404719893223717 0.3839199472953981 0.41365864812806163 0.07837420564430311] [0.10375876379646827 0.6192462057502397 0.12129432542547734 0.15570070502781458] [0.09554335519941645 0.18142450146537734 0.4312884685526675 0.29174367478253876] [0.003542970937172818 0.7446787262759469 0.09881558591151995 0.15296271687536034] [0.1729330641882897 0.3945928702237936 0.3819893753864052 0.05048469020151151] [0.1389949156426954 0.04811971185360375 0.16650500244330269 0.6463803700603982] [0.15917002126943405 0.2190086862109591 0.07059652764434467 0.5512247648752623] [0.1140189377610168 0.32846143922206017 0.0020066562656526833 0.5555129667512704] [0.30244157069614497 0.09761273791307275 0.5920396181559244 0.007906073234857917] [0.05954333004109398 0.6581616925353897 0.13601610161572777 0.14627887580778856] [0.10036548024997563 0.36638579611090366 0.20064606610329191 0.33260265753582885] [0.028635965059132573 0.386237994149067 0.2068215878153551 0.3783044529764453] [0.07538016707196153 0.07072080060373005 0.029305574775773266 0.8245934575485352] [0.6210110600324986 0.004798425148476837 0.2125910745165972 0.16159944030242734] [0.09169655099869911 0.13027308097752566 0.16957617051778073 0.6084541975059945] [0.010686464972047973 0.5987053371738599 0.08874050899263669 0.3018676888614555] [0.012945801619991829 0.08652627881329433 0.6689385175838632 0.23158940198285055] [0.11566590528810239 0.03738000850056333 0.8175322128586813 0.029421873352653005] [0.06098386178586295 0.5414497120278032 0.08047612252056253 0.317090303