"BehaviorSpace results (NetLogo 6.0.2)"
"basic.nlogo"
"GA"
"05/29/2018 23:01:04:675 -0700"
"min-pxcor","max-pxcor","min-pycor","max-pycor"
"0","106","0","15"
"[run number]","N","tau","percent-to-replace","num-variants","mutation-magnitude-sp","p","mem-size","mutation-probability","num-param-pop-mutations","mutation-magnitude","Ng","[step]","mutation-history"
"2","50","0.5","1","1","1","0","4","0.8","5","0.4","50","1","[[3572.249677163566 0 [[0.4136006506328491 0.2470436600813808 0.0074582428209105656 0.3318974464648595] [0.22994341981148736 0.4068750406370588 0.17085987004912528 0.19232166950232854] [0.17219384908301416 0.08819201641020258 0.6549341211751987 0.08468001333158459] [0.12019096149729747 0.34262454879213944 0.41806998841533094 0.11911450129523216] [0.22621894766417516 0.21965997005850812 0.3655614147739362 0.1885596675033805] [0.09945494297535562 0.5401752474162349 0.2548237550767122 0.1055460545316973] [0.8418398870207899 0.011758319973258269 0.07719378184579062 0.06920801116016118] [0.20907289293041864 0.34194526120983737 0.3218784779175978 0.12710336794214616] [0.01842633203523636 0.7177759046425937 0.135105984790712 0.12869177853145797] [0.3207661884344064 0.1621934158364361 0.3173830638684667 0.1996573318606908] [0.11687748413122356 0.09376641079925807 0.5781741819296031 0.21118192313991524] [0.04351540034477641 0.6662198003113592 0.2771772615120889 0.01308753783177552] [0.5424922567454272 0.023469187957920523 0.42753937292056177 0.006499182376090484] [0.1613079321906855 0.044167181773809516 0.7642391977444982 0.03028568829100675] [0.2948736660117466 0.1770176997409153 0.28031856431493973 0.24779006993239838] [0.4740967464176241 0.006977793094403162 0.07173996513086978 0.44718549535710295] [0.3692352989281912 0.296921274555048 0.1781857997147972 0.1556576268019636] [0.3783566730159248 0.2238447350824906 0.25351515061325014 0.14428344128833448] [0.11695135109193833 0.007159562532303987 0.23761985722889978 0.6382692291468579] [0.0665668601697248 0.017685422541512286 0.4827993454430459 0.432948371845717] [0.1232170641908319 0.24575705959912197 0.3847940775388251 0.24623179867122102] [0.050060785578960765 0.1738170559186869 0.7355806714567722 0.04054148704558014] [0.3171817634539311 0.3198894201680923 0.15271272978248307 0.2102160865954935] [0.027472952628000535 0.2838130853496659 0.61108482751299 0.07762913450934361] [0.16947295764283798 0.04797947434139982 0.0299805593793131 0.7525670086364491] [0.37468323909564927 0.4824226221613769 0.05402550898648861 0.08886862975648524] [0.35226220286990495 0.04927189980344571 0.5480026964773247 0.05046320084932465] [0.45254955597768876 0.11627123555404661 0.3020106584233069 0.12916855004495775] [0.008664258706300276 0.3369891506810314 0.16388323001218674 0.49046336060048157] [0.40407192948002235 0.1387457936738954 0.07508810432903412 0.38209417251704814] [0.1263966153673235 0.4014805541318913 0.1890464575505112 0.283076372950274] [0.21496166594418942 0.4923426356300957 0.263992012711432 0.028703685714282834] [0.8763090603034858 0.027249963901752494 0.019757943335425687 0.07668303245933605] [7.758980247463132E-5 0.513607156780339 0.3089797851547793 0.1773354682624071] [0.25568130016231605 0.012575285592893226 0.3464886179698079 0.3852547962749828] [0.009052131068027935 0.04141706075440821 0.3364631006938955 0.6130677074836683] [0.05259012328356749 0.12068531823411888 0.6959078148624152 0.13081674361989848] [0.1924208504214454 0.4365381265801077 0.03927092717934255 0.3317700958191043] [0.01010044218416195 0.09562609154357538 0.3808096815552572 0.5134637847170055] [0.20231290089474885 0.008824304603737732 0.6608615368565857 0.12800125764492776] [0.20320391987697606 0.30831792706322747 0.007456370985998717 0.48102178207379775] [0.542005332289737 0.37409913409280804 0.0246166028762691 0.05927893074118584] [0.44419188397209497 0.38509026871991303 0.10794365156469832 0.06277419574329368] [0.07232967122714618 0.8460875038153708 0.06544554382669632 0.016137281130786718] [0.6374950473939754 0.010231768692277488 0.09831565247363705 0.25395753144011] [0.33923821840752877 0.1314661760347896 0.09154916988733053 0.4377464356703511] [0.09723964885561875 0.48602615618685274 0.006514094244529645 0.41022010071299886] [0.559985311251255 0.27221095668602 0.1477484453036224 0.02005528675910262] [0.49920250226506935 0.2596888467609155 0.010357625325441044 0.23075102564857408] [0.1323946097391866 0.5442443156691624 0.13646073345094645 0.18690034114070453]]] [5076.128518407792 0 [[0.4589455370985751 0.29897228074361604 0.08135089735354628 0.16073128480426258] [0.03997768273003577 0.2909797375013021 0.463427835755184 0.20561474401347812] [0.34972056092669357 0.011506263024754992 0.4959426984651131 0.14283047758343836] [0.1342259584885237 0.012077587214170737 0.36088262600631804 0.4928138282909875] [0.13964993705113893 0.39067190511986116 0.4528367499963606 0.01684140783263932] [0.5676232750849599 0.3195356603115982 0.09508744140896597 0.01775362319447593] [0.4786539414577027 0.1581630089022774 0.28345489202565144 0.07972815761436847] [0.5389100586443208 0.07086990467805743 0.16617357287026224 0.22404646380735949] [0.5095520453638726 0.40704262504055 0.06855818007183534 0.01484714952374211] [0.019571050913236743 0.1030122513074041 0.6513398420719538 0.22607685570740532] [0.20271545607944808 0.32073246711516523 0.15848461410780612 0.31806746269758057] [0.4208639486355823 0.4143267550706552 0.019531405766360477 0.14527789052740203] [0.1919128278833755 0.3982585580869913 0.026228117587070665 0.38360049644256256] [0.25074353366013247 0.15624104268218653 0.2421499604624625 0.3508654631952185] [0.3435131041658086 0.05496295374152693 0.10456925279762685 0.4969546892950376] [0.4064393056127279 0.13005767000188784 0.27592617295753186 0.1875768514278524] [0.5619041718550823 0.17655222300922813 0.049244722240281535 0.212298882895408] [0.44273230254738527 0.010517209304029218 0.05600302638959587 0.49074746175898964] [0.7195783315099648 1.493143716457812E-5 0.04918262021958064 0.23122411683329003] [0.3495794555630276 0.1426561378798663 0.13444873469092433 0.37331567186618175] [0.23687866234570054 0.06102227207771316 0.1040339838773281 0.5980650816992582] [0.04777282867817023 0.18656036520263852 0.2536895356663602 0.511977270452831] [0.2723229309058688 0.29182403532570755 0.20142117058071285 0.2344318631877108] [0.27748955136890374 0.3166679449174643 0.3411972598007802 0.06464524391285176] [0.23210498152563785 0.5305670587296787 0.10392437270346744 0.13340358704121602] [0.21372737956822918 0.1577180277216731 0.37493263638488605 0.2536219563252117] [0.003542970937172818 0.7446787262759469 0.09881558591151995 0.15296271687536034] [0.38684564271920474 0.2925353768279957 0.2831916496858554 0.037427330766944156] [0.1389949156426954 0.04811971185360375 0.16650500244330269 0.6463803700603982] [0.35605816313161276 0.1677257700798609 0.05406569560764474 0.4221503711808816] [0.2550566571369892 0.2761742580787535 0.0016872202919717694 0.4670818644922855] [0.6765519615934651 0.045261654472419255 0.27452044890718863 0.0036659350269270252] [0.13319649361159303 0.6066168501788952 0.12536381267937247 0.1348228435301393] [0.2245143165441731 0.3158248525017914 0.17295707122051007 0.28670375973352547] [0.028635965059132573 0.386237994149067 0.2068215878153551 0.3783044529764453] [0.16862298321091462 0.06358899748524083 0.026350269012959893 0.7414377502908847] [0.6210110600324986 0.004798425148476837 0.2125910745165972 0.16159944030242734] [0.09169655099869911 0.13027308097752566 0.16957617051778073 0.6084541975059945] [0.023905274736860327 0.5907056771297309 0.08755479398392296 0.29783425414948583] [0.02895933736967915 0.08512251429728479 0.6580859515512654 0.2278321967817707] [0.11566590528810239 0.03738000850056333 0.8175322128586813 0.029421873352653005] [0.13641891629448621 0.4979528147133703 0.07401114237599671 0.2916171266161468] [0.06998471784270577 0.32024410308397944 0.08005741830231816 0.5297137607709966] [0.7189045252511076 0.06444576230295829 0.0781877326126692 0.13846197983326491] [0.19927080272766973 0.08289317962709664 0.003764348733619638 0.714071668911614] [0.055284471186160644 0.054022786099131914 0.34254401144927427 0.5481487312654332] [0.630574381820781 0.3300260348670552 0.03468635511395435 0.004713228198209518] [0.3407374799594942 0.1046638364577589 0.07486150728514984 0.47973717629759705] [0.10632179873107894 0.29786031880926334 0.5255045528199506 0.07031332963970716] [0.03494944438166492 0.4428870056532288 0.45530480675013774 0.06685874321496854]]] [3979.5644826938615 0 [[0.04000415768659171 0.43630140660360206 0.23960235864485024 0.284092077064956] [0.28368090163752147 0.36566473264617383 0.2128778133309437 0.13777655238536102] [0.8045396079740698 0.04239810466069582 0.08362054855372092 0.0694417388115135] [0.7082269108132402 0.05026235442024496 0.2354596178256837 0.006051116940831158] [0.03333724167561969 0.2676596243320897 0.06153437946014695 0.6374687545321437] [0.15775964901801653 0.03495686044451751 0.4906135492064928 0.31666994133097315] [0.024354856709417172 0.14411153225206186 0.5530734438904453 0.27846016714807564] [0.15524101131823287 0.29438659228676456 0.12358136054378022 0.42679103585122236] [0.061241783044722164 0.14491774413310643 0.21631082729694073 0.5775296455252307] [0.08955133410292881 0.20827987893105848 0.06223204801274296 0.6399367389532697] [0.18746584254187992 0.007700281267351783 0.726140031887654 0.07869384430311432] [0.4263081512851342 0.23535779586642758 0.21139961352454906 0.12693443932388915] [0.6538910283620044 0.0885359267819168 0.006458762605972557 0.25111428225010624] [0.10317755876195256 0.280333159609234 0.5102457726030245 0.10624350902578894] [0.37038882998364864 0.3784599968512655 0.19034375485585098 0.06080741830923486] [0.3551461278363601 0.18579560151434016 0.408213021086796 0.05084524956250369] [0.017494581126889175 0.15392172830862805 0.18624441560806082 0.642339274956422] [0.014561507959113817 0.12608616469767708 0.4722703113141421 0.387082016029067] [0.21882516995359858 0.3170933065401672 0.014451246633002457 0.44963027687323176] [0.17456177651423732 0.07413442008327231 0.3938410423623393 0.35746276104015107] [0.47717435636559213 0.15480328714274738 0.03272013229752746 0.335302224194133] [0.1747730100794047 0.256904574055527 0.4924486910396769 0.07587372482539134] [0.15277453160581866 0.10820296133115048 0.37029416697312756 0.3687283400899033] [0.2765923358587381 0.049683903901519 0.6450335985597555 0.02869016167998739] [0.28771627383313414 0.02531009141170215 0.20781805158060618 0.47915558317455753] [0.04710533616927848 0.12140223039557496 0.41510694042928864 0.4163854930058579] [0.15964511942099313 0.060120064660984296 0.6662621430339013 0.11397267288412127] [0.4804357542979095 0.1760374383146709 0.25124766164005174 0.09227914574736784] [0.6203391358334105 0.1494958355157866 0.0183018360990006 0.2118631925518023] [0.7628091187551169 0.06949727902420555 0.08594518895682324 0.08174841326385429] [0.21353214432160084 0.16615827334501532 0.3192259202191684 0.30108366211421544] [0.4453381398239675 0.040546547550220025 0.3193693795223108 0.19474593310350163] [0.03905287768918764 0.13455070463490226 0.2736074212887061 0.552788996387204] [0.09447497809848826 0.44041579333412895 0.28512367172809006 0.17998555683929274] [0.11244565743474577 0.05552213611298007 0.4989898762245949 0.33304233022767926] [0.06405396876503688 0.24963105248090567 0.4816831373366688 0.20463184141738866] [0.005113167859391421 0.06245693138142594 0.37985318227093745 0.5525767184882452] [0.03184822583881797 0.33300386767692414 0.2557318563302674 0.3794160501539905] [0.10946083214918056 0.45965066496352114 0.29288624486211234 0.13800225802518595] [0.37313639592693915 0.3529096962675373 0.13006033541612072 0.1438935723894028] [0.22016747864400188 0.4667433176994028 0.2620285815719383 0.051060622084657004] [0.37197993176566846 0.238305997541305 0.31784566673179504 0.07186840396123151] [0.2936627863664407 0.3065365651902311 0.3867977566831571 0.01300289176017111] [0.11754994522578466 0.2206711805491962 0.07563833774629503 0.5861405364787241] [0.07329337011926684 0.12946115547519854 0.05258017008226901 0.7446653043232656] [0.6644431141979336 0.10899619335449184 0.08274060218432144 0.14382009026325315] [0.09970430808607411 0.013006953761797946 0.4359929664806277 0.45129577167150026] [0.1494278817339404 0.12918790955732506 0.1922192132228342 0.5291649954859003] [0.10214484258805112 0.019457251236211448 0.2159085596141025 0.6624893465616349] [0.5220173894890356 0.004061017919160914 0.10201539689713068 0.37190619569467276]]] [4220.168798274961 0 [[0.4410919176685172 0.1280793744191917 0.4032098256618859 0.027618882250405208] [0.10192129054677546 0.03162107031305417 0.06946690706513581 0.7969907320750346] [0.216069249479928 0.3050954339542079 0.3200859682944084 0.1587493482714557] [0.008059367208129053 0.13529566930021375 0.684366883460391 0.1722780800312662] [0.22975041256310702 0.5300310073653078 0.013103971727656427 0.22711460834392871] [0.09694331327137973 0.14574498448253304 0.716969615201297 0.040342087044790254] [0.08518882501303637 0.31879024845589 0.4259782320890678 0.17004269444200582] [0.5460522306466995 0.2632720869858195 0.09016137508073652 0.10051430728674449] [0.12492949578417678 0.3203061588922713 0.10416152825308245 0.45060281707046945] [0.16047311196752456 0.14932147470897084 0.37870437499127296 0.31150103833223164] [0.4685145441194126 0.3002690076870109 0.006354269654129108 0.22486217853944734] [0.6917987556512889 0.0023423309826838823 0.08119988592204441 0.2246590274439828] [0.06388575092025917 0.4640268846246759 0.3363670587565948 0.13572030569847016] [0.42717859467538544 0.05047372783373927 0.4852942358470428 0.03705344164383251] [0.40383043970397603 0.2876435193771486 0.08958139253385144 0.21894464838502392] [0.007634828208257227 0.053925876976779086 0.7853943201018949 0.15304497471306877] [0.11294426043535333 0.7004798421223237 0.143758434092641 0.04281746334968195] [0.5450592291816343 0.22888509828877146 0.22305125739677178 0.0030044151328224578] [0.10028925888835583 0.15385645977734008 0.3530730299395377 0.3927812513947664] [0.13067960874397055 0.2606204774570936 0.13066983954102362 0.4780300742579122] [0.32723288855772525 0.01671884382583788 0.5248029077032992 0.13124535991313768] [0.055608365742725874 0.37442070717336895 0.43332567729076055 0.13664524979314463] [0.6532450748695706 0.20195754706742963 0.0029728956645214133 0.14182448239847834] [0.1355949427629588 0.48976188347356764 0.08241834317697527 0.2922248305864983] [0.4956988693771154 0.22064952534956372 0.17874057097213836 0.10491103430118254] [0.0907250921674827 0.04426024355731395 0.7791995268808001 0.08581513739440327] [0.6394584424283333 0.03394175037397218 0.2072269198597756 0.11937288733791895] [0.17487384951240859 0.41609504956518406 0.009853635309232 0.39917746561317535] [0.17910408072968564 0.44463916295437056 0.08656438124231025 0.28969237507363355] [0.25929138090117276 0.018016726884111933 0.40052097067315307 0.32217092154156224] [0.08949838124686671 0.07156587802291947 0.2928368674270405 0.5460988733031733] [0.01054877981006297 0.5646384721326719 0.3196746283880454 0.10513811966921971] [0.20365325271685963 0.3460486479632938 0.20785036294838222 0.24244773637146433] [0.6328801360021364 0.024531610998989706 0.108193955033414 0.23439429796545985] [0.09569485847838377 0.04487112186239173 0.4724177748500904 0.3870162448091341] [0.11742011173833855 0.19752840852563314 0.4377944577048558 0.2472570220311725] [0.09887803155579178 0.5432673668323706 0.09954234548242702 0.25831225612941056] [0.021910728629878973 0.07886047287564912 0.8892761997420603 0.009952598752411612] [0.40992624882667406 0.306824320452621 0.12111659534141561 0.16213283537928935] [0.897863643726612 0.03222508029375937 0.018743243366552198 0.05116803261307645] [0.6063674073721594 0.10385265556478884 0.1474624988615586 0.14231743820149312] [0.14457358946611842 0.21218225182724115 0.03722070534884847 0.606023453357792] [0.038498499929512375 0.46323894027943713 0.4171800014495576 0.08108255834149292] [0.31096606905081126 0.08710980613324704 0.5346365317318522 0.06728759308408949] [0.07148879418909904 0.2573454886284623 0.35206035836132143 0.31910535882111724] [0.32239543692373396 0.0683851283908753 0.5120043638104906 0.09721507087490011] [0.4822585509728957 0.3599704105213176 0.019611030755123715 0.13816000775066295] [0.01020176731361866 0.16018471874574647 0.4065138501507214 0.4230996637899135] [0.020202663570986656 0.06181519526478574 0.12232079162063902 0.7956613495435886] [0.14937459579542622 0.04336422475324131 0.5740631311004697 0.23319804835086277]]] [4622.36787537002 0 [[0.021078757833075668 0.11309980717330725 0.2579766848948085 0.6078447500988086] [0.2616620569588368 0.051782555885027226 0.6111550504538662 0.07540033670226975] [0.03658966791191576 0.3895688590698556 0.016560516325943353 0.5572809566922853] [0.5991501601860759 0.05911914701808485 0.1463266626697386 0.19540403012610064] [0.07904784610687698 0.42562282743217006 0.24850783547436128 0.24682149098659167] [0.6769248146366248 0.18738288015469706 0.1034905949208269 0.03220171028785124] [0.1168269459417477 0.06796992792620793 0.02155676136596618 0.7936463647660782] [0.10832536672789683 0.2314066456879793 0.5816603208816555 0.07860766670246833] [0.26578281993971387 0.3085679468617867 0.13259335312879816 0.2930558800697013] [0.7565903744732234 0.12340780608432256 0.10268228530225265 0.017319534140201376] [0.239008992732483 0.6248508486094558 0.07417918087220032 0.06196097778586085] [0.7839043198220377 0.04014146189534551 0.16897445109350917 0.006979767189107644] [0.5416323368855556 0.04871445525679241 0.39040982382311784 0.019243384034534183] [0.4494317444155499 0.025529510064686955 0.4029710777590182 0.12206766776074496] [0.05909938860206332 0.11346587122814644 0.144573629623178 0.6828611105466122] [0.19781776285619113 0.015694863416721994 0.5532977704915839 0.23318960323550297] [0.22713992405146588 0.4203923335453722 0.06448977808014478 0.28797796432301714] [0.15779462638973318 0.1695134889702482 0.493867300476297 0.1788245841637216] [0.1356663302744483 0.29437911955823903 0.15687150043779852 0.41308304972951415] [0.02987095465239553 0.5708469849620053 0.13959598915190574 0.25968607123369347] [0.6732748507298837 0.15745725357398588 0.05539331585623719 0.11387457983989324] [0.4665837234150124 0.16309843872822616 0.04168799042121374 0.3286298474355477] [0.029823141912447504 0.11732615292497861 0.3105511852835636 0.5422995198790103] [0.7046843410659249 0.0810970678650994 0.19217771973606723 0.02204087133290844] [0.14394704092981359 0.2614395672882084 0.33114534003395946 0.2634680517480186] [0.26594052657935985 0.2982264086120915 0.1276560070287872 0.30817705777976145] [0.5395816026245529 0.016120254402907652 0.17472069634966414 0.2695774466228753] [0.09408923310990813 0.7696424332108125 0.04460018376518449 0.09166814991409489] [0.20086234783710144 0.2287179862331954 0.37632519620142035 0.19409446972828281] [0.10047551266745003 0.22653891940845827 0.10639108861861701 0.5665944793054747] [0.3469747860817576 0.22242535869694413 0.14082050354464415 0.28977935167665414] [0.35400860355360175 0.039779534049010135 0.006286551315430766 0.5999253110819573] [0.629119677838435 0.259388159336605 0.0549768678229382 0.05651529500202179] [0.3760767889290414 0.2527790190891568 0.06117305972726583 0.309971132254536] [0.14759771039421077 0.5362818921150904 0.3159830179692309 1.3737952146797294E-4] [0.21347309912522172 0.0864111697938682 0.4385642620507413 0.2615514690301688] [0.32326904900118736 0.08742861610809527 0.5130620012193112 0.07624033367140615] [0.2546854736155706 0.042235779583352895 0.4872632095418027 0.21581553725927383] [0.1279585831137645 0.15631594215086198 0.2594085616372527 0.45631691309812084] [0.1480069628721974 0.5297856385616461 0.23048370289768216 0.09172369566847438] [0.21649874980818873 0.4584465215753861 0.04072337039839957 0.2843313582180256] [0.2110037379158919 0.029406624379850532 0.4201793868560354 0.3394102508482222] [0.30242185420469414 0.33087733741281167 0.1458307027482133 0.2208701056342809] [0.24683622093012725 0.007733519990653637 0.5565964922952155 0.18883376678400365] [0.8760050212661974 0.03610884579392282 0.05874113412282711 0.02914499881705268] [0.1461600318371199 0.162608695581955 0.5094356822315907 0.18179559034933435] [0.11987940282658438 0.4693083897249889 0.04828586231563137 0.36252634513279536] [0.11976083770310497 0.3429230959889418 0.19940398622311506 0.3379120800848382] [0.6060476818558447 0.005874222252073125 0.16034345800781513 0.22773463788426707] [0.6276548754255455 0.07413704448938041 0.07086879247710598 0.22733928760796807]]] [4359.381694013283 1 [[0.4589455370985751 0.29897228074361604 0.08135089735354628 0.16073128480426258] [0.029204540164315736 0.2942450430462313 0.468628312925039 0.20792210386441412] [0.2554782436200877 0.013173818272292172 0.5678176284509812 0.16353030965663884] [0.0980548928321629 0.012582175223452606 0.3759598962103605 0.513403035734024] [0.10201722353682058 0.4077603491342397 0.4726443567081659 0.01757807062077372] [0.4146607707946138 0.4325782271170513 0.12872665537760636 0.024034346710728627] [0.4786539414577027 0.1581630089022774 0.28345489202565144 0.07972815761436847] [0.5389100586443208 0.07086990467805743 0.16617357287026224 0.22404646380735949] [0.3722385130506321 0.5210046879221039 0.08775280772935166 0.019003991297912495] [0.01429706534801396 0.10356638134093932 0.6548435706474326 0.22729298266361406] [0.20271545607944808 0.32073246711516523 0.15848461410780612 0.31806746269758057] [0.30744998840080046 0.4954656135704536 0.02335629988527544 0.17372809814347048] [0.14019636725358636 0.42374655461815014 0.027906680813154717 0.4081503973151088] [0.1831734382697984 0.17033130767448326 0.26398773786216034 0.382507516193558] [0.2509435655719447 0.06271313931247255 0.11931429575888998 0.5670289993566927] [0.2969124825287964 0.1540565694366119 0.32684146673543796 0.22218948129915383] [0.410482845297813 0.23757488083250444 0.06626543024186765 0.2856768436278149] [0.32342528202793436 0.01276886844734403 0.06799287300937594 0.5958129765153456] [0.5256671434876652 2.525650489224035E-5 0.08319233269359137 0.3911152673138512] [0.25537516317672104 0.16331787840832596 0.15392174799304353 0.4273852104219094] [0.23687866234570054 0.06102227207771316 0.1040339838773281 0.5980650816992582] [0.03489905864019419 0.18908259446909143 0.25711932725556264 0.5188990196351517] [0.19893764295971508 0.3212541105219005 0.22173423420372618 0.2580740123146582] [0.20271196814623008 0.34944209185178665 0.3765101144985094 0.07133582550347382] [0.16955758294140597 0.5737833689018181 0.11238933081065051 0.1442697173461254] [0.15613235721951307 0.16927098415863637 0.4023967156504116 0.2721999429714391] [0.0025882149731987314 0.7453922406919425 0.09891026613076769 0.15310927820409098] [0.2825988986524092 0.34227140201733636 0.3313390812030637 0.043790618127190616] [0.10153871658681661 0.050213057802943294 0.17374844923429494 0.6744997763759452] [0.2601079956592163 0.19271764792843213 0.06212172217876097 0.48505263423359063] [0.2550566571369892 0.2761742580787535 0.0016872202919717694 0.4670818644922855] [0.4942354730520237 0.07077408592706858 0.4292581450272452 0.005732295993662466] [0.09730284703328307 0.631736373425277 0.13055502885796338 0.14040575068347647] [0.2245143165441731 0.3158248525017914 0.17295707122051007 0.28670375973352547] [0.028635965059132573 0.386237994149067 0.2068215878153551 0.3783044529764453] [0.12318264465363843 0.06706456334272252 0.027790488216575388 0.7819623037870638] [0.4536616733810166 0.006917256124281842 0.3064644892156721 0.2329565812790295] [0.06698626392766759 0.1338171446185058 0.1741894700252392 0.6250071214285873] [0.01746330723834365 0.5946041786529649 0.08813263250982188 0.2997998815988696] [0.021155406556602276 0.0858066156308085 0.6633747694479872 0.2296632083646019] [0.08449638263026216 0.03869751624890832 0.8463472149993764 0.03045888612145323] [0.09965689474796591 0.5191503055443363 0.07716174312680793 0.3040310565808898] [0.051125312012895045 0.32673820443966345 0.08168087048683288 0.5404556130606086] [0.5251749138083552 0.1088614630581455 0.1320743313641203 0.23388929176937898] [0.14557152302035042 0.08845224260842392 0.004016797147204568 0.761959437224021] [0.04038647187537325 0.054874716024621975 0.34794587083534056 0.5567929412646642] [0.630574381820781 0.3300260348670552 0.03468635511395435 0.004713228198209518] [0.3407374799594942 0.1046638364577589 0.07486150728514984 0.47973717629759705] [0.07767031576973323 0.30740977390071245 0.5423523227665061 0.0725675875630481] [0.02553130603035177 0.4472092363062834 0.45974822542600513 0.06751123223735975]]] [4285.991754556499 1 [[0.49368810386046524 0.24590388728635648 0.08750922934281279 0.1728987795103655] [0.03997768273003577 0.2909797375013021 0.463427835755184 0.20561474401347812] [0.350443141959751 0.009463870024635853 0.4969673988328714 0.14312558918274168] [0.1342259584885237 0.012077587214170737 0.36088262600631804 0.4928138282909875] [0.15554296830800957 0.3213265787838153 0.5043723881350043 0.01875806477317075] [0.5676232750849599 0.3195356603115982 0.09508744140896597 0.01775362319447593] [0.4786539414577027 0.1581630089022774 0.28345489202565144 0.07972815761436847] [0.5462064249096891 0.05829030373184516 0.1684234162937388 0.22707985506472694] [0.5095520453638726 0.40704262504055 0.06855818007183534 0.01484714952374211] [0.019970003724691387 0.0847272963620746 0.6646173028664215 0.23068539704681257] [0.21970547829076928 0.26380158135863147 0.1717675534846092 0.3447253868659901] [0.47371265186394235 0.34078262849386837 0.021984002312882056 0.16352071732930723] [0.21445855340507644 0.32756658020290913 0.0293093703964365 0.42866549599557796] [0.2589851328549263 0.1285078324106259 0.25010910058478303 0.3623979341496647] [0.34705935585122394 0.045206879875837 0.10564877169946535 0.5020849925734736] [0.417224953113878 0.10697207963669482 0.28324840384604005 0.19255456340338697] [0.5832889328713934 0.14521372295462862 0.05111886140701232 0.22037848276696576] [0.4435675948851915 0.008650376030956657 0.05610868594632582 0.491673343137526] [0.7195802386877903 1.228106643334738E-5 0.04918275057370413 0.2312247296720722] [0.35990436703846057 0.117334285180773 0.13841970970555156 0.3843416380752148] [0.23961118669509862 0.05019065271747863 0.10523407252733413 0.6049640880600886] [0.04971765143045678 0.1534453926724801 0.26401718832232274 0.5328197675747404] [0.2922420030333299 0.2400244748834121 0.21615413049506432 0.25157939158819365] [0.27748955136890374 0.3166679449174643 0.3411972598007802 0.06464524391285176] [0.23210498152563785 0.5305670587296787 0.10392437270346744 0.13340358704121602] [0.22083115148735835 0.12972264858612614 0.3873944741676572 0.26205172575885827] [0.003542970937172818 0.7446787262759469 0.09881558591151995 0.15296271687536034] [0.4152389767168793 0.24060955133319434 0.30397708502994536 0.04017438691998101] [0.1389949156426954 0.04811971185360375 0.16650500244330269 0.6463803700603982] [0.36879493323272655 0.13795398944059514 0.05599971203140758 0.43725136529527087] [0.2723305750344541 0.2271525756872063 0.0018014886475818863 0.4987153606307577] [0.6822451064310064 0.03722758762818 0.27683052228693983 0.003696783653873809] [0.16965480285622692 0.4989407084207785 0.15967817431774153 0.1717263144052531] [0.24291051403013808 0.2597650816947484 0.18712878413281608 0.31019562014229757] [0.028635965059132573 0.386237994149067 0.2068215878153551 0.3783044529764453] [0.1706555145686 0.052301777380065556 0.026667887329469547 0.7503748207218648] [0.621542546266975 0.003946691626154249 0.2127730185059236 0.16173774360094723] [0.09413452903566527 0.10714925457793598 0.1740847695306383 0.6246314468557604] [0.030029260595456034 0.48585381188861904 0.10998433416331461 0.3741325933526103] [0.02895933736967915 0.08512251429728479 0.6580859515512654 0.2278321967817707] [0.1164631559642217 0.030744955265495286 0.8231672191972168 0.029624669573066215] [0.16043616559594362 0.4095648349694546 0.08704118326631433 0.3429578161682874] [0.06998471784270577 0.32024410308397944 0.08005741830231816 0.5297137607709966] [0.7189045252511076 0.06444576230295829 0.0781877326126692 0.13846197983326491] [0.20246783898513035 0.0681794146572049 0.0038247427262285555 0.7255280036314362] [0.05584487938224274 0.04443359454854593 0.3460163151073595 0.553705210961852] [0.6857099194415435 0.2714455155429803 0.03771922624295639 0.005125338772519969] [0.3478077409623092 0.08608572065360598 0.0764148743982513 0.4896916639858334] [0.11432781491096042 0.2449893016214524 0.5650749702008606 0.07560791326672667] [0.03988112498062854 0.3642733568739684 0.519552405582997 0.07629311256240603]]] [4485.715881569411 1 [[0.5840594930032685 0.10786387230478965 0.10352810959673388 0.20454852509520788] [0.03997768273003577 0.2909797375013021 0.463427835755184 0.20561474401347812] [0.35232269945396805 0.004151254700002808 0.4996328206574627 0.1438932251885664] [0.135274879364646 0.004357378288646212 0.36370277588276856 0.49666496646393915] [0.19688347496133127 0.14094746302937117 0.6384254430192167 0.023743618990080814] [0.5676232750849599 0.3195356603115982 0.09508744140896597 0.01775362319447593] [0.5361380001190192 0.05706239572827303 0.3174964745339187 0.08930312961878902] [0.5651855279683413 0.02556859896654426 0.17427564583471805 0.23497022723039643] [0.733142796942271 0.14685372711067887 0.09864141719859906 0.021362058748450968] [0.021007748575861435 0.037164984971898594 0.6991542610741651 0.24267300537807476] [0.20271545607944808 0.32073246711516523 0.15848461410780612 0.31806746269758057] [0.611181214790662 0.1494817114491083 0.028363627584527904 0.21097344617570188] [0.273103861582578 0.14368459225363206 0.03732423868728487 0.5458873074765052] [0.280422949268903 0.056368984558440256 0.27081219239046167 0.39239587378219504] [0.356283766161994 0.019829654472061666 0.10845678595568527 0.5154297934102591] [0.4064393056127279 0.13005767000188784 0.27592617295753186 0.1875768514278524] [0.638914372775585 0.0636968965498343 0.0559938195845463 0.24139491109003433] [0.44574033386055967 0.0037944217388680996 0.05638352461853277 0.4940817197820394] [0.7195851995851996 5.386996505633191E-6 0.04918308964719001 0.23122632377110483] [0.38676123686060804 0.05146779293885068 0.14874889841468486 0.4130220717858563] [0.2467189523076416 0.022015748572969104 0.108355709427073 0.6229095896923164] [0.05477646976605128 0.06730765594489653 0.29088118842629546 0.5870346858627568] [0.34405493415415145 0.1052849127134763 0.25447709214525716 0.29618306098711517] [0.35968879392160963 0.114248152666999 0.44226829537068335 0.08379475804070809] [0.39979223569670197 0.19141914203418306 0.17900588360231823 0.22978273866679674] [0.23930928354032868 0.0569018544462406 0.4198098566988249 0.28397900531460585] [0.010148360044425911 0.2686668170016872 0.28304385263493625 0.43814097031895055] [0.38684564271920474 0.2925353768279957 0.2831916496858554 0.037427330766944156] [0.14348638530031496 0.0173607347203248 0.17188543066154355 0.6672674493178167] [0.4019254619906871 0.06051246958787812 0.06103042124867136 0.4765316471727633] [0.3172630052441013 0.09963875190430269 0.002098720285713976 0.5809995225658819] [0.6970539549276049 0.016329598537274392 0.2828394202990153 0.0037770262361054414] [0.2644891331697142 0.2188565518612121 0.24893572831658783 0.2677185866524859] [0.29076218639349427 0.11394397994423322 0.22399184584024692 0.3713019878220255] [0.04015498917512574 0.1393477869471103 0.2900170677942387 0.5304801560835254] [0.17594247806583427 0.022941777370389434 0.02749406717613712 0.7736216773876392] [0.622925033336773 0.0017311863032655032 0.21324628610224988 0.1620974942577117] [0.10047612905072098 0.047000206629060196 0.1858124106883074 0.6667112536319113] [0.04595880065866317 0.21311608410371374 0.1683274242907082 0.5725976909469149] [0.02895933736967915 0.08512251429728479 0.6580859515512654 0.2278321967817707] [0.11853694203736165 0.013486041092599885 0.8378248394626417 0.030152177407396848] [0.22290916011120687 0.17965250385909046 0.12093455976655626 0.4765037762631464] [0.09106033227760975 0.11553836681947928 0.10416638569982463 0.6892349152030863] [0.7505597559806586 0.023250882852220916 0.0816305412599092 0.14455881990721142] [0.19927080272766973 0.08289317962709664 0.003764348733619638 0.714071668911614] [0.055284471186160644 0.054022786099131914 0.34254401144927427 0.5481487312654332] [0.8291269317789621 0.1190675135287311 0.04560824546532616 0.006197309226980648] [0.3661987053606985 0.03776084746896776 0.08045544931667417 0.5155849978536596] [0.13515283940135833 0.1074626962499511 0.6680044288151846 0.08938003553350601] [0.05270927408059182 0.1597857410205765 0.6866714556925568 0.10083352920627478]]] [3717.1937584830334 1 [[0.7163584472988428 0.15673276488650917 0.04264726829024657 0.08426151952440145] [0.06240032511949902 0.28418350528961195 0.4526038408880529 0.20081232870283616] [0.5458714765977062 0.008035502775171307 0.3463460657268628 0.09974695490025973] [0.20951047877688644 0.011027364735713979 0.32950160269467127 0.4499605537927283] [0.13964993705113893 0.39067190511986116 0.4528367499963606 0.01684140783263932] [0.8859912454126536 0.08425491146760725 0.025072581726187145 0.004681261393551992] [0.7471208816275373 0.07671703198864589 0.13748991100887528 0.03867217537494151] [0.5389100586443208 0.07086990467805743 0.16617357287026224 0.22404646380735949] [0.7953490829052591 0.169848086272482 0.028607509305359387 0.006195321516899537] [0.030548042220533884 0.10185891471100948 0.6440473689241751 0.22354567414428153] [0.3164142967346463 0.274993577593798 0.13588350259354648 0.2727086230780092] [0.6569176958874968 0.24544867730165068 0.011570475844306741 0.08606315096654578] [0.2995527013257272 0.3452092061494625 0.02273444592005408 0.33250364660475623] [0.3913803140532931 0.12691431919665855 0.1966979792761911 0.2850073874738573] [0.3435131041658086 0.05496295374152693 0.10456925279762685 0.4969546892950376] [0.634402573626982 0.08010764506879224 0.16995380532460175 0.11553597597962398] [0.8770644173284382 0.04954292876858744 0.013818731503888347 0.05957392239908601] [0.6910515500965988 0.005830726465292287 0.03104800129642564 0.27206972214168323] [1 0 0 0] [0.5456512281999109 0.09965189689936409 0.0939186469421508 0.2607782279585743] [0.23687866234570054 0.06102227207771316 0.1040339838773281 0.5980650816992582] [0.07456760466899832 0.1813107321897172 0.24655095100492766 0.4975707121363568] [0.42506314187275246 0.230569851823204 0.1591426470510467 0.18522435925299688] [0.27748955136890374 0.3166679449174643 0.3411972598007802 0.06464524391285176] [0.36228778958650154 0.44061894354688846 0.08630586191877629 0.1107874049478337] [0.21372737956822918 0.1577180277216731 0.37493263638488605 0.2536219563252117] [0.005530148904864306 0.7431936555556813 0.0986185235701839 0.1526576719692706] [0.603819236841453 0.18901747572432767 0.18298016243451423 0.024183124999705083] [0.2169542438122644 0.04376273362435159 0.151428879940447 0.587854142622937] [0.35605816313161276 0.1677257700798609 0.05406569560764474 0.4221503711808816] [0.39811257787793436 0.22313886531644944 0.0013632132991269277 0.37738534350648917] [1 0 0 0] [0.20790360867755184 0.5543344188166974 0.11455909314383732 0.12320287936191338] [0.3504396800821272 0.26454039914041066 0.14487185632286695 0.24014806445459522] [0.044697276274544284 0.37985162569800307 0.20340183397593045 0.37204926405152217] [0.16862298321091462 0.06358899748524083 0.026350269012959893 0.7414377502908847] [0.6210110600324986 0.004798425148476837 0.2125910745165972 0.16159944030242734] [0.14312722008663625 0.12289665658302623 0.15997429581314435 0.5740018275171932] [0.037313241133166 0.5825915446955787 0.08635211180033117 0.29374310237092405] [0.04520202132064946 0.08369866239277488 0.6470780890229686 0.22402122726360704] [0.18054048164717906 0.03463781838228822 0.7575582094969947 0.027263490473538064] [0.2129334205464101 0.45383349172500786 0.0674536505841211 0.265779437144461] [0.06998471784270577 0.32024410308397944 0.08005741830231816 0.5297137607709966] [1 0 0 0] [0.3110376096833619 0.07132284344242236 0.0032389161158787377 0.614400630758337] [0.0862923696546359 0.05224962474499466 0.33130087041470324 0.5301571351856662] [0.9842503054355657 0.014069975095624961 0.0014787807659112028 2.009387028981486E-4] [0.5318499742331663 0.07432301434570403 0.05316003185246087 0.3406669795686688] [0.16595546202393227 0.27798459404060183 0.490438506096163 0.06562143783930287] [0.05455185351509212 0.4338909460850018 0.44605651291685383 0.06550068748305216]]] [4050.2141949193096 1 [[0.47746180097619834 0.3110343865815787 0.08463301812892746 0.1268707943132955] [0.042157567434464756 0.3068461468517693 0.4886974157253698 0.16229886998839618] [0.34972056092669357 0.011506263024754992 0.4959426984651131 0.14283047758343836] [0.16170140910860475 0.014549815051836298 0.4347536780899546 0.38899509774960433] [0.13964993705113893 0.39067190511986116 0.4528367499963606 0.01684140783263932] [0.5697845976433973 0.32075234690844934 0.09544950308113846 0.014013552367014829] [0.4786539414577027 0.1581630089022774 0.28345489202565144 0.07972815761436847] [0.5716902508223509 0.07518069653974478 0.17628138504823498 0.17684766758966944] [0.5111698305033969 0.40833495134153336 0.06877584656129836 0.011719371593771233] [0.020775435655980175 0.10935153192857802 0.691422705869616 0.17845032654582596] [0.22263399704944314 0.3522471967277767 0.1740570935835842 0.25106171263919597] [0.43593380597656417 0.42916253540230137 0.020230765974147583 0.11467289264698693] [0.21707300614571828 0.4504710986789186 0.029666679361468603 0.3027892158138945] [0.2792950038279114 0.1740317765208889 0.269722904304133 0.27695031534706677] [0.4150031911699631 0.0664015460319988 0.1263316394134614 0.3922636233845767] [0.4262083411306782 0.1363836199337555 0.28934710503324773 0.14806093390231853] [0.5938078924122325 0.18657648171518196 0.052040732549444385 0.16757489332314116] [0.532611440498299 0.012652309228874442 0.06737220750779634 0.3873640427650303] [0.7651719734346907 1.587751706956188E-5 0.05229891024252485 0.1825132388057149] [0.3934493024009147 0.1605585140626849 0.15132113752975515 0.2946710460066453] [0.31113123062599 0.08015046361341244 0.1366447324134216 0.47207357334717587] [0.05833089575150104 0.22779126786289086 0.3097563671159182 0.40412146926969] [0.2723229309058688 0.29182403532570755 0.20142117058071285 0.2344318631877108] [0.28152972177297625 0.3212785417945811 0.3461649966550055 0.05102673977743709] [0.23963208541842346 0.5477732097864014 0.10729461295074609 0.10530009184442905] [0.21372737956822918 0.1577180277216731 0.37493263638488605 0.2536219563252117] [0.0036777565323273835 0.7730086130009396 0.10257483705803357 0.12073879340869949] [0.39001437732649236 0.2949315960690733 0.2855113324785754 0.029542694125858943] [0.1389949156426954 0.04811971185360375 0.16650500244330269 0.6463803700603982] [0.4108563403379535 0.19353915514613393 0.062386531570606966 0.33321797294530564] [0.3021502687005847 0.32716701937272563 0.0019987483185061198 0.3686839636081835] [0.6765519615934651 0.045261654472419255 0.27452044890718863 0.0036659350269270252] [0.13756913699408047 0.6265311818832642 0.1294793207610968 0.10642036036155857] [0.24352511342306093 0.3425673881789537 0.18760224752976132 0.22630525086822403] [0.03230682951771629 0.43575011369344757 0.23333419231153602 0.2986088644773001] [0.2704866190594883 0.10200254207133358 0.042268230824196326 0.5852426080449818] [0.6462273074012665 0.0049932659223564145 0.2212233670286213 0.12755605964775577] [0.12171520038250228 0.17292050772826156 0.22509022803880457 0.4802740638504316] [0.023905274736860327 0.5907056771297309 0.08755479398392296 0.29783425414948583] [0.02895933736967915 0.08512251429728479 0.6580859515512654 0.2278321967817707] [0.116404554114236 0.037618719288595746 0.82